100 95.2096 90.4179 85.6241 80.8267 76.0246 71.2164 66.4005 61.5754 56.7396 51.8916 47.0304 42.1563 37.2711 32.3805 27.4965 22.6421 17.8591 13.2205 8.84968 4.94984 1.88691 0.710878 0.0722873 0.476892 1.18876 2.32658 4.24267 7.29767 11.0263 15.1111 19.3858 23.7648 28.2025 32.673 37.161 41.6575 46.157 50.6564 55.154 59.6489 64.1409 68.63 73.1165 77.6006 82.0828 86.5634 91.0429 95.5217 0
0 94.7096 89.6179 84.7241 79.8855 75.0631 70.2434 65.4205 60.5908 55.7518 50.9015 46.0386 41.1632 36.277 31.3856 26.5009 21.646 16.8625 12.2236 7.85244 3.95233 0.889169 0.28706 0.925826 1.47516 2.18716 3.3251 5.2413 8.2964 12.0251 16.11 20.3847 24.7639 29.2016 33.6721 38.1602 42.6568 47.1563 51.6557 56.1533 60.6483 65.1403 69.6294 74.1159 78.6001 83.0823 87.563 92.0425 96.5212 101
0 93.6106 88.6702 83.7814 78.9315 74.0998 69.2741 64.4474 59.6156 54.7753 49.9239 45.0594 40.1808 35.288 30.3839 25.4757 20.5784 15.7215 10.9589 6.38414 2.11788 1.99551 1.82246 2.01337 2.31076 2.75964 3.54534 5.10103 8.62155 12.6676 16.9191 21.2793 25.7042 30.1679 34.6537 39.151 43.653 48.1557 52.6569 57.1553 61.6506 66.1426 70.6315 75.1177 79.6015 84.0834 88.5637 93.0428 97.5212 101.999
0 92.5128 87.6554 82.8011 77.961 73.1313 68.306 63.4799 58.649 53.8099 48.9594 44.0946 39.2125 34.3105 29.3865 24.4394 19.4705 14.486 9.50635 4.60738 0.130596 2.21252 2.99391 2.99442 2.99487 2.99527 2.99562 2.99593 8.4211 13.1048 17.6196 22.1092 26.6059 31.1121 35.6238 40.1369 44.6485 49.1567 53.6608 58.1605 62.6561 67.1479 71.6363 76.1218 80.6049 85.086 89.5655 94.0439 98.5215 102.999
0 91.4514 86.6312 81.8045 76.9798 72.1586 67.3388 62.5173 57.6907 52.8559 48.0093 43.1469 38.2641 33.355 28.4121 23.4249 18.3782 13.2458 7.97313 2.40842 3.99038 3.99125 3.992 3.99266 3.99324 3.99376 3.99422 3.99463 8.96213 13.7109 18.3452 22.9321 27.4979 32.0507 36.5926 41.1245 45.6473 50.1617 54.6689 59.1699 63.6655 68.1567 72.6441 77.1284 81.6103 86.0901 90.5685 95.0457 99.5222 103.998
0 90.4126 85.6121 80.8046 75.9947 71.1845 66.3734 61.5596 56.7408 51.9138 47.075 42.2198 37.342 32.4334 27.4819 22.47 17.3714 12.1458 6.73198 1.0435 4.98824 4.98927 4.99018 4.99097 4.99168 4.99231 4.99287 4.99337 9.72191 14.4314 19.1181 23.7761 28.403 33.0001 37.5713 42.1213 46.6544 51.1741 55.6834 60.1846 64.6794 69.1691 73.6549 78.1375 82.6176 87.0958 91.5726 96.0483 100.523 104.998
0 89.3874 84.5998 79.8064 75.0097 70.2111 65.4106 60.6072 55.799 50.9834 46.1571 41.3151 36.4509 31.5546 26.6122 21.6019 16.4917 11.2341 5.76546 0.0218613 5.98624 5.98742 5.98846 5.98938 5.9902 5.99092 5.99157 5.99216 10.5007 15.1749 19.9195 24.6514 29.3378 33.9754 38.5713 43.1351 47.6747 52.1968 56.706 61.2056 65.6983 70.1856 74.6689 79.1491 83.6269 88.103 92.5777 97.0515 101.525 105.998
0 88.3708 83.5932 78.8113 74.0264 69.2395 64.4507 59.6594 54.8645 50.0639 45.2548 40.4327 35.5917 30.7222 25.8102 20.8338 15.7593 10.5334 5.07391 0.735219 6.98441 6.98571 6.98687 6.98789 6.9888 6.98961 6.99034 6.991 11.1138 15.8479 20.7337 25.572 30.3215 34.9922 39.6036 44.1728 48.7128 53.2324 57.7381 62.2338 66.7224 71.206 75.6859 80.163 84.638 89.1115 93.5838 98.0554 102.526 106.997
0 87.3598 82.591 77.8191 73.0451 68.2696 63.4931 58.7153 53.9357 49.153 44.3653 39.5695 34.7608 29.9322 25.0724 20.1639 15.1782 10.0662 4.73207 1.05225 7.98276 7.98416 7.9854 7.98651 7.9875 7.98839 7.98919 7.98991 11.1156 16.3693 21.5955 26.5813 31.3841 36.0685 40.678 45.2398 49.771 54.2822 58.78 63.2689 67.7517 72.2302 76.7057 81.179 85.6507 90.1211 94.5907 99.0597 103.528 107.997
0 86.3527 81.5918 76.829 72.0651 67.3008 62.5367 57.7731 53.01 48.2472 43.4839 38.719 33.95 29.1735 24.3835 19.5713 14.7235 9.82099 4.84048 0.223119 5.21203 8.98276 8.98407 8.98525 8.9863 8.98725 8.98811 9.61194 8.9896 16.918 22.6976 27.7737 32.5651 37.2196 41.8 46.3376 50.8493 55.3452 59.8309 64.3102 68.7853 73.2575 77.7277 82.1966 86.6645 91.1316 95.5983 100.064 104.53 108.996
0 85.348 80.5945 75.8401 71.0856 66.3319 61.5798 56.8302 52.0839 47.3417 42.6043 37.8725 33.1469 28.4281 23.7168 19.0142 14.3235 9.65388 5.03198 0.531314 3.65947 7.16016 9.98288 9.9841 9.98521 9.98621 9.98711 12.4801 14.8542 19.6155 24.5033 29.2507 33.8832 38.4447 42.9648 47.4611 51.9436 56.4182 60.8883 65.3557 69.8217 74.2867 78.7511 83.2152 87.679 92.1427 96.6061 101.07 105.533 109.996
0 84.3449 79.5981 74.8513 70.1053 65.3612 60.6204 55.884 51.1537 46.4314 41.7191 37.0198 32.3369 27.6752 23.0413 18.4452 13.9023 9.43908 5.10224 0.975884 2.797 6.01552 8.51114 9.88619 10.9029 11.8994 13.1954 15.4673 18.3314 22.1866 26.4495 30.8426 35.2721 39.7111 44.1535 48.5984 53.0458 57.4959 61.9483 66.4028 70.8589 75.3164 79.7749 84.2341 88.6938 93.1539 97.6142 102.075 106.535 110.996
0 83.3427 78.6018 73.8615 69.123 64.3874 59.6564 54.9318 50.2157 45.5109 40.8211 36.1506 31.5057 26.8945 22.3282 17.8229 13.4015 9.09787 4.96206 1.06696 2.48892 5.59375 8.15998 10.1466 11.8408 13.513 15.4279 17.8621 20.8177 24.3499 28.2654 32.3982 36.6515 40.9742 45.3397 49.7331 54.1454 58.5711 63.0062 67.4481 71.8949 76.3452 80.7979 85.2525 89.7082 94.1648 98.622 103.08 107.537 111.995
0 82.3409 77.6049 72.8701 68.1377 63.4091 58.6861 53.9709 49.2663 44.5756 39.9035 35.256 30.6408 26.0687 21.5541 17.1167 12.783 8.58881 4.58115 0.818794 2.63189 5.71059 8.38841 10.6995 12.8008 14.8839 17.1411 19.7354 22.7275 26.13 29.864 33.8334 37.9614 42.1946 46.4981 50.8488 55.2317 59.6369 64.0574 68.4886 72.9274 77.3714 81.8192 86.2696 90.7218 95.1752 99.6295 104.084 108.54 112.995
0 81.339 76.6069 71.8763 67.1485 62.4251 57.708 52.9995 48.3028 43.6218 38.9615 34.3289 29.7328 25.1854 20.703 16.3068 12.025 7.89325 3.95493 0.258955 3.14683 6.22833 8.98356 11.4623 13.7788 16.0806 18.5172 21.2109 24.2268 27.5786 31.2271 35.11 39.166 43.3448 47.6091 51.9323 56.2959 60.6873 65.0978 69.5216 73.9546 78.394 82.8379 87.2849 91.734 96.1847 100.636 105.089 109.542 113.995
0 80.3368 75.6074 70.8797 66.1549 61.4348 56.7211 52.0164 47.3238 42.6472 37.992 33.3651 28.7761 24.2373 19.7654 15.3825 11.117 7.00424 3.08636 0.591076 3.98607 7.07232 9.85527 12.3871 14.7716 17.1427 19.6363 22.3641 25.3902 28.7305 32.3558 36.2136 40.2477 44.4096 48.6613 52.9753 57.3322 61.7185 66.125 70.5454 74.9754 79.4121 83.8534 88.298 92.7448 97.1932 101.643 106.093 110.543 114.994
0 79.3341 74.6063 69.8801 65.1568 60.438 55.7254 51.0213 46.3286 41.6512 36.994 32.3637 27.7691 23.2221 18.739 14.3409 10.0561 5.92035 1.97735 1.72356 5.13405 8.21961 10.9781 13.4593 15.778 18.082 20.5214 23.2188 26.2396 29.5973 33.252 37.1408 41.2018 45.3844 49.6512 53.9755 58.3391 62.7295 67.1383 71.5595 75.9895 80.4255 84.8657 89.3088 93.754 98.2006 102.648 107.097 111.545 115.994
0 78.3309 73.6034 68.8775 64.1542 59.4349 54.721 50.0147 45.3183 40.6351 35.9692 31.3265 26.7144 22.1433 17.6274 13.1861 8.84623 4.64371 0.626241 3.14646 6.60696 9.69399 12.3782 14.6939 16.799 18.886 21.1484 23.7501 26.7522 30.1671 33.9142 37.8959 42.0342 46.2751 50.5835 54.9365 59.3193 63.7223 68.1389 72.565 76.9976 81.4348 85.8751 90.3176 94.7618 99.2071 103.653 108.1 112.547 116.994
0 77.3271 72.5991 67.8724 63.1477 58.4263 53.7093 48.9981 44.2947 39.6015 34.9214 30.2586 25.6186 21.0092 16.4411 11.93 7.49893 3.18201 0.969631 4.88158 8.45332 11.5712 14.1468 16.1393 17.8379 19.5146 21.4361 23.881 26.852 30.4046 34.3418 38.4944 42.7638 47.0984 51.4711 55.8676 60.2793 64.7013 69.1302 73.564 78.0012 82.4408 86.8822 91.3248 95.7684 100.213 104.658 109.103 113.548 117.993
0 76.323 71.5936 66.865 62.1381 57.4133 52.6916 47.9738 43.2611 38.5547 33.8563 29.1679 24.4924 19.8337 15.1978 10.5939 6.03743 1.55505 2.8052 6.9569 10.7536 13.9906 16.4984 17.8787 18.8987 19.8986 21.2004 23.4856 26.3704 30.2576 34.5538 38.9761 43.4284 47.8834 52.3351 56.7833 61.2291 65.6733 70.1167 74.5596 79.0023 83.4451 87.888 92.3311 96.7744 101.218 105.662 110.105 114.549 118.993
0 75.3185 70.5871 65.8562 61.1261 56.3973 51.67 46.9445 42.2211 37.5 32.7811 28.0643 23.3493 18.6355 13.9225 9.21044 4.50182 0.194048 4.84931 9.38725 13.6134 17.1394 19.9774 19.9785 19.9795 19.9805 19.9814 22.4906 24.8863 29.7015 34.6398 39.4279 44.0904 48.6717 53.2025 57.7016 62.1805 66.6462 71.1035 75.5553 80.0034 84.4493 88.8937 93.3372 97.7802 102.223 106.665 111.108 115.55 119.993
0 74.3139 69.5802 64.8465 60.113 55.3797 50.6465 45.9131 41.1789 36.443 31.7038 26.959 22.205 17.4366 12.6463 7.8235 2.95346 1.98375 7.01075 12.1294 17.1735 20.9762 20.9773 20.9784 20.9794 20.9803 20.9812 21.6091 20.9829 29.0223 34.876 40.0052 44.8334 49.5105 54.1017 58.6401 63.1449 67.6277 72.0959 76.5546 81.0068 85.4549 89.9002 94.3438 98.7862 103.228 107.669 112.111 116.552 120.993
0 73.3094 68.5732 63.8367 59.0997 54.3621 49.6232 44.8824 40.1384 35.3893 30.6322 25.8629 21.075 16.2595 11.4025 6.48385 1.47225 3.68367 9.08056 14.9459 21.9751 21.9762 21.9773 21.9783 21.9792 21.9802 21.981 21.9819 25.18 30.5289 35.8366 40.8836 45.7276 50.4354 55.0535 59.6122 64.1313 68.6236 73.098 77.5603 82.0144 86.4632 90.9085 95.3515 99.793 104.234 108.674 113.113 117.553 121.992
0 72.3052 67.5665 62.8273 58.0871 53.3456 48.6019 43.855 39.103 34.3435 29.5728 24.7852 19.9728 15.1237 10.2204 5.23715 0.135342 5.14259 10.682 16.5985 22.9752 22.9763 22.9773 22.9783 22.9792 22.9801 22.9809 22.9817 27.2264 32.0767 37.0579 41.9651 46.7579 51.4499 56.0648 60.6241 65.1444 69.6375 74.1121 78.574 83.0274 87.4751 91.9191 96.3606 100.801 105.24 109.678 114.116 118.554 122.992
0 71.3012 66.5604 61.8187 57.0759 52.3313 47.5839 42.8325 38.0751 33.309 28.5301 23.7325 18.9074 14.0422 9.1184 4.10895 1.02544 6.34007 11.9061 17.7911 23.9754 23.9764 23.9774 23.9783 23.9792 23.98 23.9808 23.9816 28.6672 33.4937 38.3531 43.1608 47.8891 52.5414 57.1316 61.675 66.1845 70.67 75.1389 79.5963 84.0461 88.4908 92.9321 97.3713 101.809 106.246 110.683 115.119 119.556 123.992
0 70.2977 65.555 60.8114 56.0665 51.3197 46.5699 41.816 37.056 32.2874 27.5063 22.7071 17.882 13.0192 8.10203 3.10569 2.00599 7.28611 12.8115 18.6841 24.9756 24.9765 24.9775 24.9783 24.9792 24.98 24.9808 24.9815 29.967 34.8779 39.7 44.436 49.0964 53.6949 58.2453 62.7599 67.2487 71.7192 76.1771 80.6263 85.0699 89.5097 93.9472 98.3833 102.819 107.253 111.688 116.123 120.557 124.992
0 69.2947 64.5505 59.8054 55.0591 50.3109 45.5601 40.8055 36.0456 31.2782 26.5004 21.7078 16.8942 12.0507 7.1648 2.21777 2.81809 7.98689 13.3696 19.1584 25.9758 25.9767 25.9776 25.9784 25.9792 25.98 25.9808 25.9815 31.3413 36.3509 41.1329 45.7869 50.3657 54.8964 59.3947 63.8706 68.3311 72.781 77.2238 81.6621 86.0974 90.531 94.9638 99.3961 103.828 108.261 112.693 117.126 121.559 125.992
0 68.2921 63.5468 58.8007 54.0536 49.3049 44.554 39.8003 35.0426 30.2796 25.5094 20.7294 15.9361 11.1248 6.28865 1.41867 3.49724 8.47379 13.5215 18.6042 23.4064 26.0845 26.9777 26.9785 26.9793 26.9801 26.9808 26.9815 33.066 38.0514 42.6937 47.2132 51.6829 56.1303 60.5665 64.9968 69.4241 73.8499 78.2752 82.7006 87.1266 91.5532 95.9807 100.409 104.838 109.268 113.698 118.129 122.56 126.991
0 67.2899 62.5438 57.7971 53.0496 48.301 43.5509 38.799 34.0449 29.2881 24.5281 19.7643 14.9963 10.2236 5.44635 0.665513 4.11576 8.88959 13.6383 18.3303 22.961 27.9771 27.4991 27.8432 28.4291 29.1875 30.2553 32.0586 35.8897 40.095 44.3775 48.6891 53.0226 57.3752 61.7441 66.1261 70.5186 74.9193 79.3265 83.7387 88.155 92.5746 96.9968 101.421 105.847 110.274 114.703 119.132 123.561 127.991
0 66.2881 61.5414 56.7943 52.0467 47.2985 42.5496 37.8 33.0499 28.2998 23.5505 18.8035 14.061 9.32699 4.60763 0.0872044 4.74173 9.33046 13.8119 18.1179 22.1301 25.5713 27.1983 28.4659 29.7065 31.0857 32.7942 35.1081 38.3393 42.0612 46.0322 50.1433 54.3431 58.604 62.9085 67.245 71.6049 75.9823 80.3726 84.7728 89.1803 93.5934 98.0108 102.432 106.855 111.28 115.707 120.134 124.562 128.991
0 65.2864 60.5394 55.7921 51.0445 46.2967 41.5489 36.8014 32.055 27.3108 22.5708 17.838 13.1173 8.41573 3.7444 0.880237 5.43349 9.8786 14.161 18.1993 21.8702 24.9795 27.2571 29.1155 30.8453 32.6544 34.7278 37.2401 40.2981 43.7784 47.5468 51.5086 55.6027 59.7891 64.0411 68.3403 72.6738 77.0322 81.409 85.7994 90.1998 94.6078 99.0215 103.439 107.861 112.284 116.709 121.136 125.563 129.991
0 64.285 59.5376 54.7901 50.0425 45.295 40.5479 35.8018 31.0578 26.3175 21.5838 16.8606 12.1543 7.47427 2.83446 1.74465 6.23339 10.5895 14.7541 18.6481 22.1721 25.2192 27.7351 29.8938 31.9047 33.9589 36.2226 38.8266 41.8346 45.2074 48.8679 52.7418 56.7698 60.9085 65.1265 69.4015 73.7177 78.0639 82.4319 86.816 91.2119 95.6166 100.028 104.444 108.864 113.286 117.711 122.137 126.564 130.991
0 63.2837 58.536 53.7882 49.0404 44.2928 39.5458 34.8001 30.0568 25.3178 20.5862 15.8663 11.1651 6.49259 1.86382 2.69943 7.16593 11.4919 15.6177 19.4669 22.9509 25.9902 28.5703 30.8198 32.9208 35.0539 37.3769 40.009 43.0065 46.3488 49.9757 53.8207 57.8264 61.9486 66.1548 70.4214 74.7316 79.0736 83.4387 87.8207 92.2151 96.6188 101.029 105.445 109.865 114.287 118.711 123.137 127.564 131.991
0 62.2824 57.5345 52.7864 48.0382 43.2901 38.5425 33.7959 29.0514 24.3108 19.5768 14.8534 10.1471 5.46718 0.827659 3.75097 8.23904 12.5943 16.758 20.6511 24.1742 27.2206 29.736 31.8943 33.905 35.9589 38.2223 40.8259 43.8334 47.2056 50.8655 54.7388 58.7665 62.9048 67.1226 71.3976 75.7139 80.0602 84.4285 88.8129 93.2091 97.6142 102.026 106.442 110.862 115.285 119.71 124.136 128.563 132.991
0 61.2813 56.533 51.7846 47.0359 42.2869 37.5381 32.7896 28.0422 23.2973 18.5567 13.8236 9.10269 4.40137 0.26939 4.89305 9.44495 13.8884 18.1688 22.2052 25.8742 28.982 31.2587 33.1165 34.8459 36.6545 38.7274 41.2389 44.2957 47.7747 51.5419 55.5026 59.5958 63.7816 68.0333 72.3325 76.6661 81.025 85.4023 89.7932 94.1943 98.603 103.017 107.436 111.858 116.282 120.708 125.135 129.562 133.99
0 60.2803 55.5319 50.783 46.0337 41.2838 36.5332 31.7821 27.0307 22.2794 17.5291 12.7814 8.03873 3.30499 1.41353 6.10691 10.7593 15.3454 19.8238 24.1265 28.1356 31.5743 33.2003 34.4673 35.7074 37.086 38.7938 41.1065 44.3358 48.0557 52.0246 56.134 60.3325 64.5924 68.8965 73.233 77.5932 81.9712 86.3624 90.7634 95.1719 99.5861 104.005 108.426 112.85 117.276 121.704 126.132 130.561 134.99
0 59.2795 54.531 49.782 45.0322 40.2812 35.529 30.775 26.0189 21.2604 16.499 11.7343 6.96581 2.1934 2.58281 7.36171 12.1401 16.9102 21.6544 26.3415 30.9674 35.9793 35.5011 35.8448 36.4304 37.1883 38.2554 40.0574 43.8855 48.0875 52.367 56.6762 61.0077 65.3592 69.7275 74.1096 78.5026 82.9042 87.3126 91.7262 96.1439 100.565 104.989 109.414 113.841 118.27 122.699 127.129 131.56 135.99
0 58.2791 53.5307 48.7817 44.0317 39.2801 34.5264 29.7699 25.0097 20.2444 15.4722 10.6908 5.89685 1.08559 3.74939 8.617 13.5292 18.5007 23.5421 28.6177 33.4131 36.0881 36.98 36.9805 36.981 36.9814 36.9819 36.9824 43.0613 48.0418 52.6799 57.1959 61.6632 66.109 70.5446 74.9752 79.4034 83.8305 88.2575 92.6848 97.1126 101.541 105.971 110.4 114.831 119.262 123.694 128.126 132.558 136.99
0 57.2789 52.5311 47.7825 43.0327 38.281 33.5267 28.7687 24.0055 19.2352 14.4547 9.66002 4.84514 0.00150813 4.88335 9.8277 14.8591 20.0214 25.3956 31.1741 37.9794 37.9798 37.9803 37.9807 37.9812 37.9816 37.9821 37.9825 43.3354 48.3384 53.1148 57.7644 62.34 66.869 71.3668 75.8433 80.3051 84.757 89.2021 93.6428 98.0807 102.517 106.952 111.386 115.82 120.254 124.688 129.122 133.556 137.99
0 56.2792 51.5323 46.7846 42.0356 37.2845 32.5306 27.7725 23.0085 18.236 13.4514 8.64937 3.8222 1.04135 5.9578 10.9514 16.0579 21.3302 26.8447 32.7038 38.9797 38.9801 38.9805 38.981 38.9814 38.9818 38.9822 38.9827 43.9593 48.8618 53.6765 58.4069 63.0635 67.6601 72.2103 76.726 81.2169 85.6902 90.1512 94.6037 99.0505 103.493 107.934 112.372 116.81 121.246 125.683 130.119 134.554 138.99
0 55.2798 50.5343 45.788 41.0405 36.291 31.5387 26.7823 22.02 17.249 12.4655 7.66386 2.83565 2.03133 6.9551 11.9621 17.0911 22.3966 27.9494 33.8166 39.98 39.9804 39.9808 39.9812 39.9816 39.982 39.9824 39.9828 44.6574 49.4729 54.3226 59.1232 63.8471 68.4976 73.0882 77.6336 82.1463 86.6356 91.1087 95.5704 100.024 104.473 108.917 113.359 117.8 122.239 126.677 131.115 135.553 139.99
0 54.2809 49.5371 44.7927 40.0473 35.3003 30.5509 25.7981 21.0401 16.2745 11.4979 6.70489 1.88786 2.96453 7.86912 12.851 17.9477 23.2158 28.7395 34.6334 40.9803 40.9807 40.9811 40.9814 40.9818 40.9822 40.9826 40.983 45.2147 50.0497 55.0178 59.9161 64.7042 69.3949 74.0113 78.5741 83.099 87.5975 92.0775 96.5449 101.003 105.455 109.903 114.348 118.791 123.232 127.672 132.112 136.551 140.99
0 53.2822 48.5405 43.7984 39.0556 34.3119 29.5666 24.819 20.0678 15.3112 10.5466 5.76993 0.975452 3.84553 8.70588 13.625 18.6329 23.7794 29.1595 34.9972 41.9806 41.981 41.9813 41.9817 41.9821 41.9824 41.9828 41.9832 45.1687 50.4933 55.7828 60.8192 65.6586 70.3665 74.9881 79.5523 84.0781 88.5776 93.0592 97.5283 101.989 106.443 110.893 115.339 119.784 124.226 128.668 133.109 137.55 141.99
0 52.2838 47.5443 42.8047 38.065 33.325 28.5846 23.8434 19.1008 14.3559 9.60724 4.85283 0.0895459 4.68717 9.48391 14.3102 19.1793 24.1096 29.1217 34.2153 39.2227 42.9812 42.9816 42.9819 42.9823 42.9826 42.983 43.5998 42.9837 50.9719 56.8011 61.9192 66.7446 71.4245 76.0221 80.569 85.0834 89.5758 94.0534 98.5204 102.98 107.434 111.885 116.332 120.778 125.222 129.665 134.107 138.548 142.99
0 51.2853 46.5481 41.8111 37.0746 32.3387 27.6035 22.8693 18.1361 13.4042 8.6737 3.94461 0.782933 5.50877 10.2324 14.9524 19.6647 24.358 29.0025 33.5195 37.7138 41.1976 43.9818 43.9822 43.9825 43.9828 43.9832 46.4494 48.8226 53.6095 58.5304 63.3119 67.9761 72.5649 77.1067 81.6185 86.1105 90.589 95.058 99.52 103.977 108.43 112.88 117.328 121.774 126.218 130.662 135.105 139.548 143.99
0 50.2868 45.5516 40.8171 36.0836 31.3515 26.6214 21.894 17.1702 12.4513 7.73871 3.03485 1.65712 6.33256 10.9846 15.6025 20.169 24.6552 29.0106 33.1466 36.9154 40.1135 42.5759 43.9215 44.9086 45.8762 47.1456 49.3922 52.2476 56.1133 60.3992 64.822 69.2831 73.7523 78.2212 82.6876 87.1511 91.6117 96.0695 100.525 104.978 109.428 113.877 118.325 122.771 127.216 131.66 136.104 140.547 144.99
0 49.2879 44.5545 39.8221 35.0911 30.3623 25.6367 20.9152 16.1995 11.4918 6.79502 2.1132 2.54782 7.17979 11.7709 16.3039 20.7537 25.0832 29.2382 33.1407 36.6878 39.765 42.2869 44.2194 45.8542 47.4676 49.3309 51.7261 54.6626 58.1967 62.1311 66.2937 70.5819 74.94 79.3383 83.7597 88.1947 92.6371 97.0836 101.532 105.98 110.429 114.876 119.323 123.769 128.214 132.659 137.103 141.546 145.99
0 48.2886 43.5565 38.8256 34.0965 29.3701 24.6476 19.9306 15.2209 10.5215 5.83633 1.17074 3.46757 8.0679 12.6152 17.0884 21.4585 25.6859 29.7182 33.4904 36.9299 39.9719 42.5872 44.8149 46.8211 48.8093 50.9842 53.5187 56.4798 59.8799 63.6347 67.6398 71.8106 76.0878 80.4321 84.8184 89.2306 93.6586 98.0959 102.538 106.983 111.43 115.876 120.322 124.768 129.213 133.658 138.102 142.546 146.99
0 47.2888 42.5574 37.8272 33.0991 28.374 23.6532 18.9385 14.232 9.53706 4.85801 0.201024 4.42532 9.00905 13.5336 17.9762 22.3062 26.4836 30.4583 34.1728 37.5695 40.6055 43.275 45.632 47.8059 49.9645 52.2779 54.8849 57.8578 61.2086 64.8879 68.8203 72.9331 77.1683 81.4838 85.8511 90.2509 94.6709 99.1031 103.542 107.985 112.431 116.876 121.322 125.768 130.213 134.658 139.102 143.546 147.99
0 46.2884 41.5569 36.8268 32.0987 27.3736 22.6528 17.9381 13.2316 8.53668 3.85764 0.79934 5.42567 10.0094 14.5339 18.9765 23.3065 27.4839 31.4586 35.1731 38.5698 41.6058 44.2752 46.6322 48.8061 50.9647 53.2781 55.885 58.858 62.2088 65.8881 69.8205 73.9332 78.1684 82.4839 86.8511 91.251 95.671 100.103 104.542 108.986 113.431 117.876 122.322 126.768 131.213 135.658 140.102 144.546 148.99
