X Y |E| dxE dyE 
0 0 10 0 10
0 1 4.98424 -4.98424 0
0 2 2.99192 -2.99192 0
0 3 2.04645 -2.04645 0
0 4 1.52149 -1.52149 0
0 5 1.19156 -1.19156 0
0 6 0.964069 -0.964069 0
0 7 0.795975 -0.795975 0
0 8 0.664979 -0.664979 0
0 9 0.558425 -0.558425 0
0 10 0.468551 -0.468551 0
0 11 0.39028 -0.39028 0
0 12 0.320121 -0.320121 0
0 13 0.255658 -0.255658 0
0 14 0.195435 -0.195435 0
0 15 0.139198 -0.139198 0
0 16 0.0885155 -0.0885155 0
0 17 0.0473855 -0.0473855 0
0 18 0.0210574 -0.0210574 0
0 19 0.00897169 -0.00897169 0
0 20 0.00436577 -0.00436577 0
0 21 0.0034812 -0.0034812 0
0 22 0.00434762 -0.00434762 0
0 23 0.00573771 -0.00573771 0
0 24 0.00699528 -0.00699528 0
0 25 0.00785366 -0.00785366 0
0 26 0.00826689 -0.00826689 0
0 27 0.00829098 -0.00829098 0
0 28 0.00801472 -0.00801472 0
0 29 0.0075256 -0.0075256 0
0 30 0.00689627 -0.00689627 0
0 31 0.00618161 -0.00618161 0
0 32 0.00542029 -0.00542029 0
0 33 0.00463797 -0.00463797 0
0 34 0.00385046 -0.00385046 0
0 35 0.0030665 -0.0030665 0
0 36 0.00228994 -0.00228994 0
0 37 0.00152128 -0.00152128 0
0 38 0.000758918 -0.000758918 0
0 39 0 0 0
1 0 5.01576 0 5.01576
1 1 2.79538 -1.96081 1.99232
1 2 2.16268 -1.94506 0.945467
1 3 1.7086 -1.62595 0.524965
1 4 1.36687 -1.32645 0.329929
1 5 1.11262 -1.08912 0.227489
1 6 0.920157 -0.904673 0.168093
1 7 0.770101 -0.758878 0.130996
1 8 0.649341 -0.640538 0.106555
1 9 0.549147 -0.541743 0.0898734
1 10 0.463604 -0.456949 0.078271
1 11 0.388555 -0.382169 0.0701594
1 12 0.320964 -0.314424 0.0644625
1 13 0.258532 -0.25142 0.0602236
1 14 0.199537 -0.191448 0.0562367
1 15 0.142932 -0.133644 0.0506826
1 16 0.0890328 -0.078963 0.0411301
1 17 0.0418909 -0.0325834 0.026328
1 18 0.0138748 -0.00681507 0.0120857
1 19 0.00484151 -0.0014919 0.00460592
1 20 0.00109441 -0.000644422 0.00088457
1 21 0.00193502 -0.00173021 -0.00086642
1 22 0.00406878 -0.00382395 -0.00139009
1 23 0.00600342 -0.00587022 -0.00125757
1 24 0.00744413 -0.00739447 -0.00085838
1 25 0.00830909 -0.0082988 -0.000413234
1 26 0.00865607 -0.00865604 -2.40866e-05
1 27 0.00859577 -0.00859133 0.000276261
1 28 0.00824211 -0.00822758 0.000489123
1 29 0.00769159 -0.0076658 0.000629323
1 30 0.00701809 -0.00698161 0.000714663
1 31 0.00627462 -0.00622826 0.000761316
1 32 0.00549725 -0.0054413 0.000782324
1 33 0.00470947 -0.00464316 0.000787512
1 34 0.00392597 -0.0038469 0.000783953
1 35 0.00315615 -0.00305912 0.000776567
1 36 0.00240801 -0.00228203 0.00076866
1 37 0.00169598 -0.00151498 0.000762359
1 38 0.00107084 -0.000755478 0.000758918
1 39 0 0 0
2 0 3.05494 0 3.05494
2 1 2.20628 -0.913949 2.00808
2 2 1.7444 -1.20157 1.26458
2 3 1.44428 -1.18584 0.824465
2 4 1.21041 -1.06925 0.567263
2 5 1.02061 -0.933788 0.411934
2 6 0.865548 -0.806627 0.313888
2 7 0.737737 -0.694326 0.249336
2 8 0.630907 -0.596553 0.20535
2 9 0.540086 -0.511061 0.174668
2 10 0.461453 -0.435332 0.153051
2 11 0.392074 -0.367022 0.137904
2 12 0.32963 -0.303987 0.127467
2 13 0.27213 -0.244148 0.120195
2 14 0.217575 -0.185294 0.114041
2 15 0.163457 -0.124967 0.105364
2 16 0.106734 -0.061109 0.0875096
2 17 0.0521732 0.00282978 0.0520964
2 18 0.0328625 0.0278725 0.0174089
2 19 0.0117994 0.0104636 0.00545339
2 20 0.00501423 0.00501019 -0.000201221
2 21 0.00313382 0.00102873 -0.00296016
2 22 0.0047975 -0.00334776 -0.00343636
2 23 0.00709303 -0.00652476 -0.00278182
2 24 0.00859624 -0.00841358 -0.00176271
2 25 0.00932294 -0.00929105 -0.00077047
2 26 0.00946722 -0.00946714 4.06269e-05
2 27 0.00921296 -0.00919071 0.000640007
2 28 0.00870217 -0.00863848 0.00105091
2 29 0.00803647 -0.0079284 0.00131351
2 30 0.00728555 -0.00713612 0.00146801
2 31 0.00649575 -0.00630853 0.00154828
2 32 0.00569711 -0.00547349 0.00158047
2 33 0.00490896 -0.00464646 0.00158377
2 34 0.00414446 -0.00383486 0.00157173
2 35 0.00341493 -0.00304104 0.00155365
2 36 0.00273579 -0.00226409 0.00153571
2 37 0.00213762 -0.00150112 0.00152186
2 38 0.00168906 -0.000748016 0.0015144
2 39 0 0 0
3 0 2.14099 0 2.14099
3 1 1.78982 -0.493418 1.72046
3 2 1.48961 -0.761414 1.28031
3 3 1.26581 -0.84658 0.941052
3 4 1.08823 -0.830921 0.702724
3 5 0.940088 -0.770158 0.539094
3 6 0.81418 -0.693723 0.42619
3 7 0.706406 -0.615244 0.347108
3 8 0.613594 -0.540286 0.290841
3 9 0.533085 -0.470617 0.250397
3 10 0.462685 -0.406296 0.221361
3 11 0.400634 -0.346599 0.200939
3 12 0.345527 -0.290354 0.187306
3 13 0.296147 -0.235891 0.179049
3 14 0.251048 -0.180613 0.174368
3 15 0.207347 -0.11982 0.169221
3 16 0.157527 -0.043336 0.151448
3 17 0.109091 0.0771391 0.0771391
3 18 0 0 0
3 19 0 0 0
3 20 0.00418269 0 -0.00418269
3 21 0.00844519 0.00418269 -0.00733665
3 22 0.00776595 -0.00407104 -0.00661336
3 23 0.00967023 -0.0084675 -0.00467063
3 24 0.0107726 -0.010444 -0.00264019
3 25 0.0110254 -0.0109847 -0.000946558
3 26 0.0107354 -0.0107308 0.000317057
3 27 0.0101362 -0.0100659 0.00119223
3 28 0.00937413 -0.00920724 0.00176099
3 29 0.00853699 -0.0082732 0.00210579
3 30 0.00767717 -0.00732592 0.0022956
3 31 0.00682584 -0.00639624 0.00238331
3 32 0.00600172 -0.00549769 0.00240751
3 33 0.00521677 -0.00463432 0.00239537
3 34 0.00448043 -0.00380505 0.00236556
3 35 0.00380371 -0.00300608 0.0023306
3 36 0.00320415 -0.00223217 0.00229869
3 37 0.00271259 -0.00147739 0.00227496
3 38 0.00237895 -0.000735469 0.00226241
3 39 0 0 0
4 0 1.64757 0 1.64757
4 1 1.48278 -0.298308 1.45246
4 2 1.2971 -0.504094 1.19514
4 3 1.13364 -0.608148 0.956712
4 4 0.994771 -0.637696 0.763487
4 5 0.875218 -0.622199 0.615528
4 6 0.770987 -0.582864 0.504669
4 7 0.679594 -0.532642 0.422067
4 8 0.59929 -0.478729 0.36051
4 9 0.528701 -0.424826 0.314719
4 10 0.466745 -0.372635 0.281058
4 11 0.412669 -0.322725 0.257184
4 12 0.366119 -0.274939 0.241769
4 13 0.327259 -0.228449 0.234327
4 14 0.297023 -0.181445 0.23516
4 15 0.278149 -0.130366 0.245706
4 16 0.280678 -0.0695538 0.271924
4 17 0 0 0
4 18 0 0 0
4 19 0 0 0
4 20 0 0 0
4 21 0.0155904 0 -0.0155904
4 22 0.0140024 -0.00865159 -0.0110098
4 23 0.0144498 -0.0128302 -0.00664714
4 24 0.0142694 -0.0139103 -0.00318085
4 25 0.0134907 -0.0134729 -0.000692631
4 26 0.0124441 -0.0124053 0.000981926
4 27 0.0113221 -0.0111348 0.00205088
4 28 0.0102134 -0.0098514 0.00269503
4 29 0.00915529 -0.00863123 0.00305306
4 30 0.00816238 -0.00749814 0.00322528
4 31 0.00723945 -0.00645283 0.00328187
4 32 0.00638769 -0.0054867 0.00327088
4 33 0.00560791 -0.00458807 0.00322463
4 34 0.00490295 -0.00374495 0.00316453
4 35 0.00427987 -0.00294606 0.00310451
4 36 0.00375247 -0.00218113 0.00305347
4 37 0.00334328 -0.00144081 0.00301688
4 38 0.00308231 -0.000716468 0.00299788
4 39 0 0 0
5 0 1.34927 0 1.34927
5 1 1.26195 -0.195719 1.24668
5 2 1.1454 -0.348505 1.09109
5 3 1.02809 -0.444222 0.927164
5 4 0.920023 -0.489517 0.778984
5 5 0.822757 -0.498078 0.654864
5 6 0.735587 -0.482891 0.554891
5 7 0.657592 -0.45373 0.475979
5 8 0.588016 -0.417163 0.414413
5 9 0.526302 -0.377322 0.366909
5 10 0.472126 -0.336694 0.330968
5 11 0.425506 -0.296729 0.304971
5 12 0.387006 -0.258226 0.288258
5 13 0.358078 -0.221522 0.281332
5 14 0.341555 -0.186352 0.286238
5 15 0.341537 -0.150646 0.306518
5 16 0.357113 -0.104513 0.341477
5 17 0 0 0
5 18 0 0 0
5 19 0 0 0
5 20 0 0 0
5 21 0.024242 0 -0.024242
5 22 0.0233272 -0.0177051 -0.0151884
5 23 0.0217129 -0.0202913 -0.00772727
5 24 0.0190923 -0.0188942 -0.00274343
5 25 0.0165955 -0.0165913 0.000374957
5 26 0.0144593 -0.0142828 0.0022524
5 27 0.0126636 -0.0122167 0.00333431
5 28 0.0111428 -0.0104323 0.0039152
5 29 0.00983732 -0.00890219 0.00418616
5 30 0.00870247 -0.00758256 0.00427058
5 31 0.00770673 -0.00643025 0.004248
5 32 0.00682887 -0.00540821 0.00416951
5 33 0.00605587 -0.00448631 0.00406775
5 34 0.0053817 -0.00364061 0.00396341
5 35 0.00480698 -0.00285209 0.00386944
5 36 0.00433889 -0.00210549 0.0037938
5 37 0.00399048 -0.00138823 0.00374122
5 38 0.00377782 -0.000689596 0.00371435
5 39 0 0 0
6 0 1.15355 0 1.15355
6 1 1.10232 -0.136064 1.09389
6 2 1.02628 -0.249986 0.995372
6 3 0.941843 -0.33072 0.881869
6 4 0.858188 -0.37807 0.770422
6 5 0.779191 -0.397707 0.670051
6 6 0.706145 -0.396893 0.584052
6 7 0.639374 -0.382224 0.512546
6 8 0.578909 -0.358871 0.454255
6 9 0.524771 -0.330604 0.407537
6 10 0.477122 -0.300091 0.370933
6 11 0.436441 -0.26927 0.343474
6 12 0.40381 -0.239714 0.324962
6 13 0.381535 -0.213062 0.316502
6 14 0.374744 -0.191794 0.321944
6 15 0.396551 -0.181354 0.352652
6 16 0.487906 -0.197851 0.44599
6 17 0.300782 -0.300782 0
6 18 0 0 0
6 19 0 0 0
6 20 0 0 0
6 21 0.0726228 -0.0592833 -0.0419471
6 22 0.0454937 -0.0418776 -0.0177746
6 23 0.032361 -0.0317358 -0.00633011
6 24 0.0247876 -0.0247837 -0.000440566
6 25 0.0198971 -0.0197153 0.00268349
6 26 0.0164931 -0.0159177 0.00431842
6 27 0.0139874 -0.0130171 0.00511876
6 28 0.0120584 -0.0107588 0.00544531
6 29 0.0105187 -0.00896267 0.00550578
6 30 0.00925487 -0.00749966 0.00542289
6 31 0.00819629 -0.00627741 0.00527004
6 32 0.00729869 -0.00522957 0.0050914
6 33 0.00653483 -0.00430837 0.00491345
6 34 0.00588939 -0.00347909 0.00475193
6 35 0.0053559 -0.00271621 0.00461605
6 36 0.00493473 -0.0020005 0.00451105
6 37 0.00463108 -0.00131703 0.00443986
6 38 0.00445219 -0.000653685 0.00440395
6 39 0 0 0
7 0 1.01748 0 1.01748
7 1 0.984913 -0.0985514 0.97997
7 2 0.933092 -0.184654 0.914638
7 3 0.871334 -0.250601 0.834519
7 4 0.80642 -0.294336 0.750786
7 5 0.742325 -0.317785 0.670864
7 6 0.681125 -0.324751 0.598722
7 7 0.623863 -0.319401 0.535899
7 8 0.571099 -0.305494 0.482522
7 9 0.523219 -0.286131 0.438049
7 10 0.480618 -0.263795 0.401754
7 11 0.443862 -0.240546 0.37303
7 12 0.413866 -0.218297 0.351613
7 13 0.392144 -0.199219 0.33777
7 14 0.381088 -0.186409 0.332385
7 15 0.383757 -0.185122 0.336154
7 16 0.399519 -0.204757 0.343059
7 17 0.396604 -0.258505 0.300782
7 18 0.331141 -0.331141 0
7 19 0.224049 -0.224049 0
7 20 0.179591 -0.169524 -0.0592833
7 21 0.0971752 -0.0940252 -0.0245414
7 22 0.0592798 -0.0587863 -0.00763276
7 23 0.0399954 -0.0399906 0.000622006
7 24 0.0291591 -0.0287895 0.00462779
7 25 0.0225214 -0.0215687 0.00648115
7 26 0.0181527 -0.0166555 0.00721901
7 27 0.0150998 -0.0131751 0.00737701
7 28 0.0128567 -0.0106233 0.00724147
7 29 0.0111391 -0.00868998 0.00696879
7 30 0.00978023 -0.00717601 0.00664514
7 31 0.0086787 -0.00595014 0.00631788
7 32 0.00777176 -0.00492431 0.00601261
7 33 0.00702056 -0.00403849 0.00574273
7 34 0.00640183 -0.00325118 0.00551482
7 35 0.00590292 -0.00253314 0.00533175
7 36 0.00551858 -0.00186326 0.00519452
7 37 0.00524834 -0.00122572 0.00510321
7 38 0.00509406 -0.00060811 0.00505763
7 39 0 0 0
8 0 0.918931 0 0.918931
8 1 0.896883 -0.0734877 0.893868
8 2 0.860076 -0.139477 0.848691
8 3 0.813923 -0.192694 0.790784
8 4 0.763104 -0.230888 0.727336
8 5 0.710953 -0.254347 0.663899
8 6 0.659611 -0.264924 0.604072
8 7 0.610395 -0.265134 0.549805
8 8 0.564122 -0.257574 0.501885
8 9 0.521343 -0.244631 0.460385
8 10 0.482494 -0.228413 0.425003
8 11 0.447986 -0.210821 0.395279
8 12 0.418252 -0.193709 0.370691
8 13 0.393683 -0.179108 0.35058
8 14 0.374256 -0.169501 0.333672
8 15 0.358327 -0.16797 0.316519
8 16 0.339448 -0.17755 0.289312
8 17 0.301651 -0.197339 0.228146
8 18 0.235808 -0.210088 0.107092
8 19 0.179941 -0.171482 0.0545248
8 20 0.132213 -0.131215 0.0162157
8 21 0.0891512 -0.088507 0.0106975
8 22 0.0602942 -0.0592518 0.011163
8 23 0.0423352 -0.0406507 0.0118231
8 24 0.0311559 -0.0288149 0.0118486
8 25 0.0239928 -0.0211145 0.0113943
8 26 0.0192151 -0.0159607 0.0106995
8 27 0.0158887 -0.0124044 0.00992878
8 28 0.0134752 -0.00986931 0.00917479
8 29 0.0116587 -0.00799795 0.00848277
8 30 0.010249 -0.00656424 0.007871
8 31 0.00912894 -0.00542285 0.00734371
8 32 0.00822496 -0.00447902 0.00689843
8 33 0.00749072 -0.00367009 0.00653004
8 34 0.00689743 -0.00295399 0.00623285
8 35 0.00642795 -0.00230193 0.00600164
8 36 0.00607301 -0.00169368 0.00583206
8 37 0.00582836 -0.00111448 0.00572082
8 38 0.00569267 -0.000553034 0.00566574
8 39 0 0 0
9 0 0.845444 0 0.845444
9 1 0.829765 -0.0559221 0.827878
9 2 0.802648 -0.107073 0.795474
9 3 0.767357 -0.149811 0.752591
9 4 0.727069 -0.182173 0.703877
9 5 0.684369 -0.203793 0.653322
9 6 0.64115 -0.215463 0.603861
9 7 0.598714 -0.218638 0.557365
9 8 0.557934 -0.215038 0.514829
9 9 0.519378 -0.206405 0.476603
9 10 0.483408 -0.194405 0.442595
9 11 0.45021 -0.180618 0.412391
9 12 0.419772 -0.166609 0.385291
9 13 0.391731 -0.154005 0.360188
9 14 0.365028 -0.144515 0.335202
9 15 0.337239 -0.139707 0.30694
9 16 0.303775 -0.140132 0.269522
9 17 0.258662 -0.143214 0.215397
9 18 0.202329 -0.140389 0.145698
9 19 0.153374 -0.120575 0.0947913
9 20 0.112085 -0.0953474 0.0589237
9 21 0.0801965 -0.0695361 0.0399527
9 22 0.0573855 -0.0490632 0.0297641
9 23 0.0418705 -0.0345455 0.0236589
9 24 0.031504 -0.024705 0.019549
9 25 0.0245346 -0.0181136 0.0165481
9 26 0.0197497 -0.0136683 0.0142558
9 27 0.0163699 -0.0106125 0.0124639
9 28 0.0139085 -0.0084516 0.0110462
9 29 0.0120627 -0.00686828 0.00991648
9 30 0.0106424 -0.00566016 0.00901239
9 31 0.00952652 -0.00469801 0.00828754
9 32 0.00863738 -0.00389884 0.00770736
9 33 0.00792485 -0.00320887 0.00724613
9 34 0.00735694 -0.00259277 0.00688491
9 35 0.00691369 -0.00202691 0.00660989
9 36 0.00658325 -0.00149503 0.00641125
9 37 0.00635909 -0.0009855 0.00628227
9 38 0.00623801 -0.000489542 0.00621877
9 39 0 0 0
10 0 0.789522 0 0.789522
10 1 0.777923 -0.0431275 0.776727
10 2 0.757307 -0.0830825 0.752736
10 3 0.729719 -0.117304 0.720229
10 4 0.69733 -0.144201 0.682257
10 5 0.662077 -0.163187 0.641651
10 6 0.625518 -0.174498 0.600686
10 7 0.588807 -0.178918 0.560966
10 8 0.552748 -0.177534 0.523461
10 9 0.517845 -0.171548 0.488604
10 10 0.484342 -0.162182 0.456382
10 11 0.452226 -0.150636 0.4264
10 12 0.421182 -0.138105 0.397896
10 13 0.390492 -0.125787 0.369678
10 14 0.358882 -0.114847 0.34001
10 15 0.324395 -0.106212 0.306515
10 16 0.284609 -0.100058 0.266441
10 17 0.238003 -0.0949958 0.218222
10 18 0.187302 -0.0876792 0.165513
10 19 0.141568 -0.0750803 0.120018
10 20 0.103864 -0.0600639 0.084735
10 21 0.0754764 -0.0452266 0.0604255
10 22 0.0551775 -0.0329194 0.0442818
10 23 0.0410718 -0.0237631 0.0334994
10 24 0.031372 -0.017346 0.0261404
10 25 0.0246751 -0.0129667 0.0209935
10 26 0.0199854 -0.00998637 0.0173115
10 27 0.0166343 -0.00792572 0.0146248
10 28 0.0141841 -0.00645631 0.0126295
10 29 0.01235 -0.0053634 0.0111246
10 30 0.0109468 -0.0045101 0.00997454
10 31 0.00985321 -0.00381018 0.00908671
10 32 0.00898976 -0.00320945 0.00839733
10 33 0.00830444 -0.00267377 0.00786223
10 34 0.00776352 -0.00218132 0.00745077
10 35 0.00734549 -0.00171792 0.00714178
10 36 0.00703707 -0.00127403 0.00692078
10 37 0.00683044 -0.000842946 0.00677822
10 38 0.00672143 -0.000419634 0.00670832
10 39 0 0 0
11 0 0.746394 0 0.746394
11 1 0.737533 -0.0335053 0.736772
11 2 0.721433 -0.064825 0.718514
11 3 0.699426 -0.0921226 0.693333
11 4 0.67302 -0.114139 0.663271
11 5 0.643659 -0.130257 0.630341
11 6 0.612577 -0.140422 0.596265
11 7 0.580744 -0.145003 0.56235
11 8 0.548846 -0.144631 0.529447
11 9 0.517296 -0.140072 0.497971
11 10 0.486226 -0.132138 0.467927
11 11 0.455475 -0.121641 0.438931
11 12 0.424548 -0.109387 0.410214
11 13 0.392584 -0.0961905 0.380617
11 14 0.35836 -0.0828748 0.348645
11 15 0.32046 -0.0702358 0.312669
11 16 0.277817 -0.0588923 0.271503
11 17 0.230807 -0.0490318 0.225539
11 18 0.182603 -0.0402519 0.178112
11 19 0.138776 -0.0320036 0.135035
11 20 0.102566 -0.0246013 0.0995723
11 21 0.0750209 -0.018387 0.0727327
11 22 0.0551476 -0.0136247 0.053438
11 23 0.0412094 -0.0102416 0.0399165
11 24 0.031538 -0.00794927 0.0305197
11 25 0.0248188 -0.00642084 0.0239738
11 26 0.0201066 -0.00538473 0.0193722
11 27 0.0167518 -0.00464771 0.0160942
11 28 0.0143174 -0.00408451 0.0137224
11 29 0.0125127 -0.00361891 0.0119779
11 30 0.0111457 -0.00320668 0.0106745
11 31 0.0100904 -0.00282314 0.00968744
11 32 0.00926423 -0.00245503 0.00893302
11 33 0.00861344 -0.00209542 0.00835468
11 34 0.00810337 -0.00174082 0.00791417
11 35 0.00771186 -0.00138941 0.00758567
11 36 0.00742509 -0.00104023 0.00735186
11 37 0.00723477 -0.000692618 0.00720154
11 38 0.00713634 -0.000346048 0.00712795
11 39 0 0 0
12 0 0.712889 0 0.712889
12 1 0.705934 -0.0260688 0.705452
12 2 0.693066 -0.0505896 0.691217
12 3 0.675189 -0.0722216 0.671316
12 4 0.653379 -0.0899773 0.647154
12 5 0.628716 -0.103279 0.620176
12 6 0.602179 -0.111931 0.591684
12 7 0.574562 -0.11604 0.562722
12 8 0.546442 -0.115915 0.534006
12 9 0.518149 -0.111972 0.505906
12 10 0.489737 -0.104656 0.478424
12 11 0.460954 -0.094401 0.451184
12 12 0.431205 -0.0816138 0.423411
12 13 0.399542 -0.0667129 0.393933
12 14 0.364759 -0.0502258 0.361284
12 15 0.325685 -0.0329639 0.324012
12 16 0.281832 -0.0162434 0.281363
12 17 0.234327 -0.00198735 0.234319
12 18 0.186519 0.00770704 0.18636
12 19 0.142935 0.0119193 0.142437
12 20 0.106471 0.0120492 0.105787
12 21 0.0781254 0.00990446 0.0774951
12 22 0.0572568 0.00704915 0.0568212
12 23 0.0424345 0.00437089 0.0422088
12 24 0.0321243 0.00221137 0.0320481
12 25 0.0250176 0.000617345 0.0250099
12 26 0.020115 -0.000484014 0.0201092
12 27 0.0167002 -0.00119587 0.0166574
12 28 0.0142796 -0.00161512 0.014188
12 29 0.0125232 -0.00182106 0.0123901
12 30 0.0112158 -0.00187456 0.011058
12 31 0.0102191 -0.00182069 0.0100556
12 32 0.00944542 -0.0016921 0.00929262
12 33 0.00883957 -0.00151209 0.00870928
12 34 0.00836674 -0.00129711 0.00826558
12 35 0.00800516 -0.00105868 0.00793485
12 36 0.00774142 -0.00080485 0.00769947
12 37 0.00756749 -0.000541252 0.00754811
12 38 0.00747894 -0.000271941 0.007474
12 39 0 0 0
13 0 0.68682 0 0.68682
13 1 0.68123 -0.0201803 0.680931
13 2 0.670734 -0.039243 0.669585
13 3 0.655972 -0.0561967 0.65356
13 4 0.637735 -0.0702693 0.633852
13 5 0.616858 -0.0809506 0.611524
13 6 0.594126 -0.0879825 0.587575
13 7 0.570205 -0.0913115 0.562847
13 8 0.545595 -0.0910184 0.53795
13 9 0.520584 -0.0872432 0.513221
13 10 0.495203 -0.0801142 0.488679
13 11 0.469177 -0.0696935 0.463972
13 12 0.441869 -0.0559538 0.438312
13 13 0.412252 -0.0388213 0.41042
13 14 0.378991 -0.0183517 0.378546
13 15 0.340767 0.00484955 0.340733
13 16 0.297026 0.0288698 0.295619
13 17 0.249007 0.0496188 0.244013
13 18 0.200142 0.0611481 0.190572
13 19 0.154649 0.0599245 0.142567
13 20 0.115499 0.0509744 0.103642
13 21 0.0841713 0.0389065 0.0746398
13 22 0.0607473 0.027546 0.0541429
13 23 0.0441008 0.0184646 0.0400492
13 24 0.0326626 0.0118065 0.0304541
13 25 0.0249585 0.00716287 0.0239086
13 26 0.019811 0.00402721 0.0193974
13 27 0.0163564 0.00196335 0.0162381
13 28 0.0139967 0.000640972 0.013982
13 29 0.0123379 -0.000175646 0.0123366
13 30 0.0111309 -0.000649807 0.0111119
13 31 0.0102232 -0.000892951 0.0101841
13 32 0.00952325 -0.000980584 0.00947263
13 33 0.00897615 -0.000963723 0.00892426
13 34 0.00854909 -0.000876853 0.00850401
13 35 0.00822235 -0.000743361 0.00818868
13 36 0.00798411 -0.000579237 0.00796307
13 37 0.00782742 -0.000395599 0.00781742
13 38 0.00774853 -0.000200462 0.00774594
13 39 0 0 0
14 0 0.66664 0 0.66664
14 1 0.662048 -0.0154094 0.661869
14 2 0.653321 -0.0300055 0.652631
14 3 0.640935 -0.0430529 0.639487
14 4 0.625502 -0.0539527 0.623171
14 5 0.607691 -0.0622716 0.604492
14 6 0.58816 -0.0677372 0.584246
14 7 0.567499 -0.0702048 0.56314
14 8 0.546178 -0.0696036 0.541725
14 9 0.524503 -0.0658685 0.52035
14 10 0.502559 -0.0588641 0.4991
14 11 0.480147 -0.0483049 0.477711
14 12 0.456688 -0.0336867 0.455444
14 13 0.431126 -0.014267 0.43089
14 14 0.401892 0.0107908 0.401747
14 15 0.367145 0.041844 0.364753
14 16 0.325664 0.0772542 0.316368
14 17 0.278388 0.110445 0.255543
14 18 0.228186 0.127342 0.189349
14 19 0.17672 0.115656 0.133617
14 20 0.13053 0.0930173 0.091574
14 21 0.0923054 0.0672014 0.0632792
14 22 0.064225 0.0457636 0.0450616
14 23 0.0449787 0.030135 0.0333912
14 24 0.0322807 0.0193872 0.0258104
14 25 0.0240907 0.0122004 0.0207729
14 26 0.0188733 0.00746663 0.0173335
14 27 0.0155459 0.00438108 0.0149158
14 28 0.0133808 0.0023913 0.0131654
14 29 0.0119159 0.00112731 0.0118625
14 30 0.0108742 0.000343928 0.0108687
14 31 0.0100972 -0.000120728 0.0100965
14 32 0.00949684 -0.000373564 0.00948949
14 33 0.00902419 -0.000485365 0.00901113
14 34 0.00865214 -0.000503217 0.0086375
14 35 0.00836539 -0.000458672 0.00835281
14 36 0.00815525 -0.000373136 0.00814671
14 37 0.00801682 -0.000261447 0.00801255
14 38 0.00794754 -0.000134308 0.0079464
14 39 0 0 0
15 0 0.65123 0 0.65123
15 1 0.647374 -0.0114517 0.647272
15 2 0.639973 -0.0223168 0.639584
15 3 0.629404 -0.0320567 0.628588
15 4 0.616166 -0.040217 0.614852
15 5 0.600824 -0.0464459 0.599026
15 6 0.583965 -0.0504897 0.581779
15 7 0.566149 -0.0521669 0.563741
15 8 0.547869 -0.0513227 0.54546
15 9 0.529513 -0.0477632 0.527355
15 10 0.511319 -0.0411686 0.509659
15 11 0.493303 -0.0309754 0.49233
15 12 0.475141 -0.0162209 0.474864
15 13 0.455971 0.00464929 0.455948
15 14 0.434129 0.0339379 0.432801
15 15 0.407036 0.0744814 0.400163
15 16 0.372209 0.127858 0.349559
15 17 0.330762 0.187564 0.27244
15 18 0.284431 0.22212 0.177663
15 19 0.213458 0.18234 0.110978
15 20 0.153081 0.138237 0.0657581
15 21 0.100266 0.0911181 0.0418414
15 22 0.0651942 0.058172 0.029433
15 23 0.0433145 0.0369245 0.0226434
15 24 0.029912 0.0234071 0.0186236
15 25 0.0218139 0.0147849 0.0160391
15 26 0.0169915 0.00925782 0.0142479
15 27 0.0141282 0.00570305 0.012926
15 28 0.0123819 0.00341585 0.0119014
15 29 0.0112493 0.00194966 0.0110791
15 30 0.0104539 0.00101894 0.0104041
15 31 0.00985349 0.000439677 0.00984367
15 32 0.00937814 9.24199e-05 0.00937769
15 33 0.00899385 -0.000100958 0.00899328
15 34 0.00868416 -0.000191977 0.00868204
15 35 0.00844108 -0.000214974 0.00843834
15 36 0.00826066 -0.000193188 0.0082584
15 37 0.00814095 -0.000142746 0.00813969
15 38 0.00808106 -7.53211e-05 0.00808071
15 39 0 0 0
16 0 0.639779 0 0.639779
16 1 0.636459 -0.00808044 0.636407
16 2 0.630041 -0.0157533 0.629844
16 3 0.62084 -0.02264 0.620427
16 4 0.609286 -0.0284127 0.608623
16 5 0.595886 -0.0328053 0.594982
16 6 0.581193 -0.0356088 0.580101
16 7 0.565773 -0.0366506 0.564585
16 8 0.550183 -0.035757 0.549019
16 9 0.534949 -0.0326931 0.533949
16 10 0.520557 -0.0270716 0.519852
16 11 0.507411 -0.0182072 0.507084
16 12 0.495758 -0.00487085 0.495734
16 13 0.485473 0.0151472 0.485236
16 14 0.475558 0.04583 0.473344
16 15 0.463237 0.0942852 0.45354
16 16 0.44399 0.172135 0.409264
16 17 0.422195 0.289832 0.306996
16 18 0.414818 0.391232 0.137883
16 19 0.262026 0.253349 0.0668751
16 20 0.187403 0.186474 0.0186388
16 21 0.101253 0.100862 0.00889528
16 22 0.0594481 0.0588818 0.00818544
16 23 0.0371231 0.0359839 0.00912605
16 24 0.0246517 0.0225318 0.0100014
16 25 0.0177272 0.0142741 0.0105121
16 26 0.0140261 0.00907676 0.0106932
16 27 0.0120968 0.00575746 0.0106388
16 28 0.0110451 0.00361939 0.0104352
16 29 0.0103919 0.00223653 0.0101484
16 30 0.00991611 0.00134249 0.00982482
16 31 0.00952743 0.000768079 0.00949642
16 32 0.00919322 0.000404525 0.00918431
16 33 0.0089041 0.000181089 0.00890226
16 34 0.0086592 5.12413e-05 0.00865904
16 35 0.00846014 -1.60571e-05 0.00846013
16 36 0.00830894 -4.18982e-05 0.00830884
16 37 0.00820722 -4.10268e-05 0.00820712
16 38 0.00815607 -2.42308e-05 0.00815603
16 39 0 0 0
17 0 0.631698 0 0.631698
17 1 0.628755 -0.00511677 0.628734
17 2 0.623037 -0.00997612 0.622957
17 3 0.614822 -0.0143372 0.614654
17 4 0.604498 -0.0179886 0.60423
17 5 0.592542 -0.020754 0.592179
17 6 0.579496 -0.0224894 0.57906
17 7 0.565949 -0.0230697 0.565479
17 8 0.552536 -0.0223616 0.552083
17 9 0.539948 -0.0201806 0.539571
17 10 0.528965 -0.0162176 0.528717
17 11 0.520515 -0.0099111 0.52042
17 12 0.515752 -0.000202422 0.515752
17 13 0.516136 0.0149803 0.515919
17 14 0.523326 0.0399498 0.521799
17 15 0.538097 0.0846945 0.53139
17 16 0.555754 0.176564 0.526961
17 17 0.57756 0.408396 0.408396
17 18 0 0 0
17 19 0 0 0
17 20 0.0669731 0 -0.0669731
17 21 0.0746993 0.0669731 -0.0330846
17 22 0.0430987 0.0405098 -0.0147125
17 23 0.0259604 0.0255975 -0.00432607
17 24 0.0165541 0.016462 0.0017437
17 25 0.01195 0.010703 0.00531477
17 26 0.0101795 0.00701764 0.00737389
17 27 0.00968012 0.00463064 0.00850071
17 28 0.00955806 0.00306772 0.00905238
17 29 0.00947534 0.00203458 0.00925433
17 30 0.00934788 0.0013464 0.00925041
17 31 0.0091757 0.000885629 0.00913286
17 32 0.0089794 0.00057651 0.00896088
17 33 0.0087802 0.00036955 0.00877241
17 34 0.00859488 0.00023191 0.00859175
17 35 0.00843547 0.000141402 0.00843429
17 36 0.00831012 8.26795e-05 0.00830971
17 37 0.00822404 4.47675e-05 0.00822392
17 38 0.00818028 1.94245e-05 0.00818026
17 39 0 0 0
18 0 0.626581 0 0.626581
18 1 0.62388 -0.00241051 0.623875
18 2 0.618614 -0.00469716 0.618596
18 3 0.61104 -0.00674418 0.611003
18 4 0.601524 -0.00845033 0.601465
18 5 0.590524 -0.00973248 0.590443
18 6 0.578575 -0.0105254 0.578479
18 7 0.566289 -0.010777 0.566187
18 8 0.554363 -0.0104391 0.554264
18 9 0.543616 -0.00944997 0.543534
18 10 0.535079 -0.00770699 0.535023
18 11 0.530153 -0.00501717 0.530129
18 12 0.530936 -0.00100799 0.530935
18 13 0.540912 0.00502647 0.540889
18 14 0.566724 0.0142944 0.566544
18 15 0.623887 0.0279796 0.623259
18 16 0.759902 0.0410288 0.758794
18 17 0 0 0
18 18 0 0 0
18 19 0 0 0
18 20 0 0 0
18 21 0.0595479 0 -0.0595479
18 22 0.0314596 0.0105867 -0.0296248
18 23 0.0164382 0.00943414 -0.0134615
18 24 0.00808351 0.00701575 -0.00401527
18 25 0.00531434 0.0050584 0.00162937
18 26 0.00618591 0.00366012 0.00498689
18 27 0.00743733 0.00267974 0.00693778
18 28 0.00826157 0.00198626 0.00801924
18 29 0.00869437 0.00148768 0.00856615
18 30 0.00886108 0.00112291 0.00878964
18 31 0.00886473 0.000851524 0.00882374
18 32 0.00877774 0.000646337 0.00875392
18 33 0.00864859 0.000488691 0.00863477
18 34 0.00850909 0.000365445 0.00850124
18 35 0.00837982 0.000267076 0.00837556
18 36 0.0082739 0.000186447 0.0082718
18 37 0.00819942 0.000117993 0.00819857
18 38 0.00816104 5.71614e-05 0.00816084
18 39 0 0 0
19 0 0.624171 0 0.624171
19 1 0.621588 0.000171899 0.621588
19 2 0.616549 0.000342161 0.616549
19 3 0.609297 0.000507969 0.609297
19 4 0.600183 0.000663878 0.600183
19 5 0.589651 0.000799735 0.589651
19 6 0.578228 0.000897478 0.578228
19 7 0.566525 0.000925948 0.566525
19 8 0.555254 0.000832231 0.555253
19 9 0.545277 0.000526753 0.545277
19 10 0.537713 -0.000143267 0.537713
19 11 0.53414 -0.0014426 0.534138
19 12 0.536983 -0.00383883 0.536969
19 13 0.550217 -0.00816083 0.550156
19 14 0.580444 -0.0157781 0.580229
19 15 0.636928 -0.0280995 0.636308
19 16 0.718902 -0.0404279 0.717765
19 17 0 0 0
19 18 0 0 0
19 19 0 0 0
19 20 0 0 0
19 21 0.0489612 0 -0.0489612
19 22 0.0317012 -0.00759706 -0.0307774
19 23 0.0167934 -0.00546334 -0.0158799
19 24 0.00663575 -0.00289154 -0.00597262
19 25 0.0011684 -0.00114532 0.000231094
19 26 0.00400817 -0.000115292 0.00400651
19 27 0.00625992 0.000441948 0.0062443
19 28 0.00755409 0.000709898 0.00752066
19 29 0.00824099 0.000806952 0.00820138
19 30 0.0085563 0.000806046 0.00851825
19 31 0.00865123 0.000751218 0.00861855
19 32 0.00862223 0.000668622 0.00859627
19 33 0.00853082 0.000573431 0.00851153
19 34 0.00841623 0.000474105 0.00840287
19 35 0.00830341 0.00037501 0.00829494
19 36 0.00820805 0.000278038 0.00820334
19 37 0.00813981 0.000183597 0.00813774
19 38 0.00810419 9.12279e-05 0.00810367
19 39 0 0 0
20 0 0.624343 0 0.624343
20 1 0.621765 0.00275594 0.621759
20 2 0.616738 0.00538594 0.616715
20 3 0.609502 0.00777002 0.609453
20 4 0.600399 0.00979814 0.600319
20 5 0.589858 0.0113701 0.589748
20 6 0.578389 0.0123896 0.578256
20 7 0.566574 0.0127511 0.566431
20 8 0.555085 0.0123153 0.554948
20 9 0.544715 0.010868 0.544607
20 10 0.536474 0.00804978 0.536414
20 11 0.531752 0.00322887 0.531742
20 12 0.532668 -0.00474392 0.532647
20 13 0.542839 -0.0180528 0.542539
20 14 0.569396 -0.0411467 0.567908
20 15 0.629631 -0.0841714 0.62398
20 16 0.778046 -0.174641 0.758193
20 17 0.405515 -0.405515 0
20 18 0 0 0
20 19 0 0 0
20 20 0 0 0
20 21 0.0835563 -0.0615047 -0.0565582
20 22 0.0456238 -0.0355116 -0.0286437
20 23 0.0246921 -0.0207989 -0.0133081
20 24 0.0126973 -0.0119733 -0.00422641
20 25 0.00675168 -0.00663285 0.00126112
20 26 0.00570175 -0.00341792 0.00456375
20 27 0.00668424 -0.00150655 0.00651225
20 28 0.00762798 -0.000395565 0.00761771
20 29 0.00820354 0.000224188 0.00820048
20 30 0.00848083 0.000543101 0.00846342
20 31 0.0085629 0.000678681 0.00853596
20 32 0.00853014 0.000703503 0.00850108
20 33 0.00843823 0.000662308 0.0084122
20 34 0.00832418 0.000582532 0.00830377
20 35 0.00821205 0.000480821 0.00819796
20 36 0.00811721 0.000367099 0.0081089
20 37 0.00804917 0.000247127 0.00804537
20 38 0.00801341 0.000124154 0.00801245
20 39 0 0 0
21 0 0.627099 0 0.627099
21 1 0.624413 0.00546593 0.624389
21 2 0.619191 0.0106756 0.619099
21 3 0.611675 0.015388 0.611481
21 4 0.602203 0.0193886 0.601891
21 5 0.591196 0.0224928 0.590768
21 6 0.579138 0.0245397 0.578618
21 7 0.566564 0.0253736 0.565995
21 8 0.554056 0.0248099 0.553501
21 9 0.542259 0.0225802 0.541788
21 10 0.531906 0.0182455 0.531593
21 11 0.523886 0.0110522 0.523769
21 12 0.519338 -0.00031289 0.519338
21 13 0.519763 -0.0181598 0.519445
21 14 0.526946 -0.0465844 0.524883
21 15 0.541521 -0.0927986 0.53351
21 16 0.553571 -0.16845 0.527319
21 17 0.494908 -0.283711 0.405515
21 18 0.381123 -0.381123 0
21 19 0.242227 -0.242227 0
21 20 0.184953 -0.174427 -0.0615047
21 21 0.097366 -0.0924441 -0.0305652
21 22 0.0539746 -0.0521458 -0.013931
21 23 0.0305778 -0.0302474 -0.00448246
21 24 0.017605 -0.0175697 0.00111399
21 25 0.0109514 -0.00999492 0.00447606
21 26 0.00844219 -0.00541696 0.00647511
21 27 0.00807225 -0.00265469 0.00762324
21 28 0.00829913 -0.00100979 0.00823747
21 29 0.00851959 -5.77342e-05 0.00851939
21 30 0.00861148 0.000463489 0.008599
21 31 0.00859075 0.000716903 0.00856078
21 32 0.00849804 0.000804399 0.00845988
21 33 0.00836977 0.000789765 0.00833243
21 34 0.00823299 0.000712894 0.00820206
21 35 0.00810638 0.000598645 0.00808424
21 36 0.0080023 0.000462408 0.00798893
21 37 0.0079286 0.00031366 0.0079224
21 38 0.00788988 0.000158259 0.00788829
21 39 0 0 0
22 0 0.632565 0 0.632565
22 1 0.629655 0.00843217 0.629598
22 2 0.624029 0.0164626 0.623811
22 3 0.615938 0.0237179 0.615482
22 4 0.605732 0.0298755 0.604995
22 5 0.593828 0.0346727 0.592815
22 6 0.58069 0.0379029 0.579452
22 7 0.566802 0.0393938 0.565431
22 8 0.552647 0.0389703 0.551271
22 9 0.538685 0.0363975 0.537454
22 10 0.525333 0.0312998 0.524399
22 11 0.512922 0.0230474 0.512404
22 12 0.501603 0.0105999 0.501491
22 13 0.491081 -0.00768909 0.491021
22 14 0.479891 -0.0342324 0.478669
22 15 0.463484 -0.0719891 0.457859
22 16 0.429923 -0.122648 0.412057
22 17 0.356707 -0.179757 0.308103
22 18 0.253378 -0.211916 0.138896
22 19 0.184072 -0.17113 0.0678
22 20 0.128743 -0.127104 0.0204778
22 21 0.0822771 -0.0816994 0.00973309
22 22 0.0510063 -0.0503802 0.00796742
22 23 0.031558 -0.0304753 0.00819527
22 24 0.0200443 -0.0180632 0.00868877
22 25 0.0137589 -0.0103602 0.00905402
22 26 0.0108025 -0.00560033 0.00923739
22 27 0.00964934 -0.00268543 0.00926813
22 28 0.00923658 -0.000931187 0.00918953
22 29 0.00904107 9.11785e-05 0.00904061
22 30 0.00887637 0.000651687 0.00885242
22 31 0.00869718 0.000921043 0.00864828
22 32 0.00850512 0.00100743 0.00844525
22 33 0.00831346 0.000979458 0.00825556
22 34 0.00813562 0.000880636 0.00808781
22 35 0.00798224 0.000738454 0.007948
22 36 0.00786089 0.00057023 0.00784018
22 37 0.00777662 0.000386846 0.007767
22 38 0.0077325 0.000195223 0.00773003
22 39 0 0 0
23 0 0.640997 0 0.640997
23 1 0.637738 0.0118002 0.637629
23 2 0.631487 0.0230245 0.631067
23 3 0.622522 0.0331457 0.621639
23 4 0.611218 0.0417226 0.609792
23 5 0.598008 0.0484198 0.596045
23 6 0.583356 0.0530053 0.580943
23 7 0.56771 0.0553284 0.565008
23 8 0.551476 0.0552802 0.548698
23 9 0.534962 0.0527397 0.532356
23 10 0.518329 0.0475087 0.516147
23 11 0.501494 0.0392376 0.499957
23 12 0.483976 0.0273544 0.483202
23 13 0.464609 0.0110359 0.464477
23 14 0.441041 -0.0106669 0.440912
23 15 0.408996 -0.0382777 0.407201
23 16 0.361862 -0.0703956 0.354948
23 17 0.293762 -0.100753 0.275944
23 18 0.213685 -0.115653 0.179682
23 19 0.152219 -0.103275 0.111826
23 20 0.104536 -0.0811612 0.0658827
23 21 0.0701383 -0.056869 0.0410524
23 22 0.0464835 -0.0372001 0.0278723
23 23 0.0310384 -0.0232103 0.0206073
23 24 0.0214581 -0.0138477 0.0163918
23 25 0.0158551 -0.00778222 0.0138139
23 26 0.0127746 -0.00393875 0.0121523
23 27 0.0111316 -0.00155553 0.0110224
23 28 0.0102126 -0.000120698 0.0102119
23 29 0.00962675 0.000701948 0.00960112
23 30 0.00919162 0.00113104 0.00912177
23 31 0.00883207 0.00130816 0.00873466
23 32 0.0085209 0.0013248 0.00841728
23 33 0.00825045 0.00124001 0.00815673
23 34 0.00802029 0.00109174 0.00794563
23 35 0.00783216 0.000904308 0.00777978
23 36 0.00768812 0.000693211 0.0076568
23 37 0.00758983 0.000468272 0.00757537
23 38 0.0075385 0.000235787 0.00753481
23 39 0 0 0
24 0 0.652797 0 0.652797
24 1 0.649044 0.0157441 0.648853
24 2 0.641922 0.0306897 0.641188
24 3 0.631758 0.0441176 0.630216
24 4 0.618978 0.0554494 0.616489
24 5 0.60406 0.0642784 0.60063
24 6 0.587495 0.0703701 0.583266
24 7 0.569738 0.0736344 0.56496
24 8 0.551159 0.0740823 0.546158
24 9 0.531989 0.0717724 0.527125
24 10 0.512245 0.0667577 0.507876
24 11 0.491632 0.0590398 0.488074
24 12 0.469401 0.0485441 0.466884
24 13 0.444167 0.0351451 0.442775
24 14 0.413729 0.0188066 0.413301
24 15 0.375083 -5.91098e-05 0.375083
24 16 0.325201 -0.0199042 0.324591
24 17 0.263682 -0.0372056 0.261044
24 18 0.197649 -0.0466687 0.19206
24 19 0.141346 -0.045154 0.133939
24 20 0.0976219 -0.0373967 0.0901749
24 21 0.0666235 -0.0274155 0.0607213
24 22 0.0457036 -0.0183408 0.0418621
24 23 0.0320359 -0.0113182 0.02997
24 24 0.0233337 -0.00633495 0.0224573
24 25 0.0179074 -0.00298229 0.0176573
24 26 0.0145584 -0.000816918 0.0145355
24 27 0.0124682 0.000522751 0.0124572
24 28 0.0111111 0.00130198 0.0110345
24 29 0.0101743 0.00170627 0.0100302
24 30 0.00948355 0.00186236 0.00929889
24 31 0.0089459 0.00185574 0.00875131
24 32 0.00851296 0.00174363 0.00833248
24 33 0.00815976 0.00156403 0.00800846
24 34 0.00787342 0.00134199 0.00775821
24 35 0.00764732 0.00109383 0.00756868
24 36 0.00747807 0.000830033 0.00743186
24 37 0.007364 0.000557244 0.00734289
24 38 0.00730438 0.000279654 0.00729902
24 39 0 0 0
25 0 0.668541 0 0.668541
25 1 0.664115 0.0204865 0.663799
25 2 0.655829 0.0398725 0.654616
25 3 0.644091 0.0571858 0.641548
25 4 0.629413 0.0716789 0.625318
25 5 0.612356 0.0828746 0.606722
25 6 0.59348 0.0905621 0.58653
25 7 0.573293 0.0947569 0.565408
25 8 0.552194 0.0956422 0.543848
25 9 0.530418 0.0935098 0.52211
25 10 0.507964 0.0887098 0.500158
25 11 0.484502 0.0816201 0.477578
25 12 0.459265 0.072637 0.453485
25 13 0.430948 0.062194 0.426436
25 14 0.397694 0.0508071 0.394436
25 15 0.357387 0.0391389 0.355237
25 16 0.308567 0.0280434 0.30729
25 17 0.25226 0.0185032 0.251581
25 18 0.193906 0.0113376 0.193575
25 19 0.141856 0.00672395 0.141697
25 20 0.100242 0.00414373 0.100156
25 21 0.0698581 0.00294469 0.069796
25 22 0.0489522 0.00257044 0.0488847
25 23 0.0350508 0.00261322 0.0349532
25 24 0.0259623 0.00280837 0.0258099
25 25 0.0200492 0.00300493 0.0198227
25 26 0.0161809 0.00313062 0.0158752
25 27 0.0136088 0.00316147 0.0132364
25 28 0.0118513 0.00309959 0.0114388
25 29 0.0106073 0.0029588 0.0101863
25 30 0.00969247 0.00275639 0.00929227
25 31 0.0089961 0.00250882 0.00863919
25 32 0.00845235 0.00222993 0.00815289
25 33 0.00802217 0.00193049 0.00778642
25 34 0.00768244 0.00161837 0.00751004
25 35 0.00741948 0.00129899 0.00730489
25 36 0.00722527 0.000975845 0.00715907
25 37 0.00709523 0.000651018 0.0070653
25 38 0.00702692 0.000325585 0.00701937
25 39 0 0 0
26 0 0.689028 0 0.689028
26 1 0.683692 0.0263294 0.683185
26 2 0.673872 0.0511279 0.671929
26 3 0.660098 0.0730742 0.656041
26 4 0.643015 0.0912058 0.636514
26 5 0.623314 0.104979 0.61441
26 6 0.601671 0.114247 0.590725
26 7 0.5787 0.119189 0.566293
26 8 0.554895 0.12022 0.541715
26 9 0.530579 0.117915 0.51731
26 10 0.50584 0.112952 0.493068
26 11 0.480455 0.106094 0.468595
26 12 0.453792 0.0981898 0.443042
26 13 0.424735 0.0901867 0.415049
26 14 0.391682 0.083089 0.382767
26 15 0.352819 0.0777643 0.344142
26 16 0.306913 0.0744357 0.29775
26 17 0.254754 0.0718376 0.244415
26 18 0.200418 0.066792 0.188961
26 19 0.150178 0.0565685 0.139116
26 20 0.108422 0.044303 0.0989571
26 21 0.0766442 0.0324801 0.0694217
26 22 0.0540914 0.0230647 0.0489275
26 23 0.0387829 0.0163923 0.0351484
26 24 0.0286207 0.0119503 0.0260065
26 25 0.0219107 0.00906301 0.0199484
26 26 0.0174486 0.007173 0.015906
26 27 0.0144325 0.00589294 0.0131746
26 28 0.0123453 0.00497611 0.011298
26 29 0.0108598 0.00427296 0.00998389
26 30 0.00977056 0.00369558 0.0090447
26 31 0.00894937 0.0031932 0.00836031
26 32 0.00831665 0.00273678 0.00785345
26 33 0.00782302 0.00230964 0.0074743
26 34 0.00743796 0.00190202 0.00719066
26 35 0.00714272 0.00150791 0.00698174
26 36 0.00692595 0.00112334 0.00683425
26 37 0.00678096 0.000745397 0.00673987
26 38 0.00670409 0.000371668 0.00669378
26 39 0 0 0
27 0 0.715357 0 0.715357
27 1 0.708785 0.0337033 0.707983
27 2 0.696935 0.0652356 0.693875
27 3 0.680526 0.0927773 0.674172
27 4 0.660393 0.115091 0.650287
27 5 0.637408 0.131588 0.623678
27 6 0.612418 0.142258 0.595667
27 7 0.586193 0.147531 0.567324
27 8 0.559381 0.148134 0.53941
27 9 0.532464 0.144977 0.512347
27 10 0.505713 0.139089 0.48621
27 11 0.479122 0.131613 0.460691
27 12 0.452323 0.123842 0.435039
27 13 0.424473 0.117274 0.407951
27 14 0.394167 0.113598 0.377443
27 15 0.359499 0.114393 0.340813
27 16 0.31865 0.120098 0.295152
27 17 0.271265 0.127619 0.23937
27 18 0.219509 0.127424 0.178737
27 19 0.166894 0.108455 0.126851
27 20 0.121044 0.0840198 0.0871342
27 21 0.0845805 0.0596079 0.0600063
27 22 0.0587489 0.040816 0.0422551
27 23 0.041516 0.027941 0.0307064
27 24 0.030269 0.0195375 0.0231192
27 25 0.0229257 0.0141238 0.0180584
27 26 0.0180664 0.0106054 0.014626
27 27 0.0147817 0.00826117 0.0122577
27 28 0.0125031 0.00663894 0.0105949
27 29 0.010877 0.00546136 0.0094065
27 30 0.00968311 0.00455976 0.00854232
27 31 0.00878367 0.00383163 0.00790389
27 32 0.00809211 0.00321436 0.00742631
27 33 0.007554 0.00266928 0.00706667
27 34 0.00713521 0.00217214 0.00679655
27 35 0.00681451 0.00170728 0.00659718
27 36 0.00657891 0.00126422 0.0064563
27 37 0.00642074 0.00083556 0.00636614
27 38 0.00633577 0.000415691 0.00632211
27 39 0 0 0
28 0 0.74906 0 0.74906
28 1 0.740779 0.043248 0.739515
28 2 0.726214 0.0833338 0.721417
28 3 0.706363 0.117708 0.696486
28 4 0.682324 0.144794 0.666784
28 5 0.65521 0.164025 0.634347
28 6 0.626089 0.175665 0.60094
28 7 0.595934 0.180544 0.567927
28 8 0.565595 0.17981 0.536252
28 9 0.535766 0.17477 0.506459
28 10 0.506965 0.166814 0.478734
28 11 0.4795 0.157427 0.45292
28 12 0.453407 0.148291 0.428471
28 13 0.428313 0.14147 0.404275
28 14 0.40319 0.139634 0.378238
28 15 0.376064 0.146114 0.346518
28 16 0.344221 0.163942 0.302673
28 17 0.306155 0.191118 0.239175
28 18 0.261352 0.206831 0.159768
28 19 0.194887 0.165807 0.102416
28 20 0.138705 0.123713 0.0627223
28 21 0.0909857 0.0811158 0.0412144
28 22 0.0602929 0.0526503 0.0293801
28 23 0.0415173 0.0350181 0.0223029
28 24 0.0299329 0.0241349 0.0177055
28 25 0.0225906 0.0172894 0.01454
28 26 0.0177852 0.0128637 0.0122817
28 27 0.0145351 0.0099074 0.0106355
28 28 0.0122646 0.00785711 0.00941732
28 29 0.0106282 0.00637377 0.00850491
28 30 0.0094143 0.00525048 0.00781419
28 31 0.00849102 0.00435922 0.00728661
28 32 0.00777521 0.00361973 0.00688124
28 33 0.00721422 0.00298099 0.00656953
28 34 0.00677483 0.00240998 0.00633169
28 35 0.00643629 0.00188485 0.00615412
28 36 0.00618599 0.0013907 0.00602764
28 37 0.00601655 0.00091693 0.00594627
28 38 0.00592396 0.000455538 0.00590642
28 39 0 0 0
29 0 0.792308 0 0.792308
29 1 0.781607 0.0559551 0.779601
29 2 0.763348 0.107144 0.755791
29 3 0.738942 0.149928 0.723572
29 4 0.709837 0.18235 0.686015
29 5 0.677449 0.204052 0.645988
29 6 0.643118 0.215836 0.605818
29 7 0.608065 0.219168 0.567193
29 8 0.57337 0.21579 0.531213
29 9 0.539957 0.20748 0.498503
29 10 0.508616 0.195971 0.469346
29 11 0.480031 0.182989 0.443784
29 12 0.45479 0.170424 0.421651
29 13 0.433331 0.160683 0.402439
29 14 0.415655 0.157355 0.384718
29 15 0.400581 0.166488 0.364345
29 16 0.384939 0.198438 0.329849
29 17 0.368464 0.266079 0.254888
29 18 0.362949 0.342975 0.118744
29 19 0.232202 0.224231 0.0603213
29 20 0.16514 0.163909 0.0201251
29 21 0.0894057 0.0884921 0.0127488
29 22 0.0549224 0.0536512 0.0117479
29 23 0.0371452 0.0353462 0.0114198
29 24 0.0269772 0.0246947 0.01086
29 25 0.0206776 0.0180351 0.0101143
29 26 0.0165334 0.0136525 0.00932546
29 27 0.0136777 0.0106477 0.00858519
29 28 0.0116336 0.00850831 0.00793399
29 29 0.0101222 0.00692614 0.00738162
29 30 0.00897338 0.00570917 0.00692293
29 31 0.00807993 0.00473502 0.00654713
29 32 0.00737356 0.00392436 0.0062425
29 33 0.00681048 0.00322497 0.00599852
29 34 0.00636288 0.00260194 0.00580656
29 35 0.00601349 0.00203144 0.00565997
29 36 0.00575203 0.0014968 0.00555387
29 37 0.00557278 0.000985923 0.00548488
29 38 0.00547282 0.000489529 0.00545089
29 39 0 0 0
30 0 0.848263 0 0.848263
30 1 0.834028 0.0734289 0.83079
30 2 0.810644 0.139358 0.798576
30 3 0.78012 0.192509 0.755994
30 4 0.744347 0.230628 0.707717
30 5 0.705109 0.253997 0.657772
30 6 0.66408 0.264456 0.609151
30 7 0.622776 0.264503 0.563815
30 8 0.582515 0.256702 0.522903
30 9 0.544428 0.24339 0.486994
30 10 0.509525 0.226601 0.456364
30 11 0.478821 0.208132 0.43122
30 12 0.453507 0.189735 0.411909
30 13 0.435184 0.173481 0.399111
30 14 0.426101 0.162615 0.393851
30 15 0.428906 0.164044 0.396295
30 16 0.443738 0.197243 0.39749
30 17 0.469214 0.331784 0.331784
30 18 0 0 0
30 19 0 0 0
30 20 0.0552921 0 -0.0552921
30 21 0.0595422 0.0552921 -0.0220921
30 22 0.0386762 0.0381163 -0.00655715
30 23 0.0280313 0.0280207 0.0007683
30 24 0.0216736 0.0212627 0.00420034
30 25 0.0174707 0.0165037 0.00573167
30 26 0.0145122 0.0130635 0.00632065
30 27 0.0123398 0.0105225 0.00644583
30 28 0.0106933 0.00860233 0.00635182
30 29 0.00941287 0.00711332 0.00616464
30 30 0.00839607 0.00592503 0.00594878
30 31 0.00757516 0.00494733 0.00573647
30 32 0.00690519 0.00411771 0.00554311
30 33 0.00635654 0.0033926 0.00537548
30 34 0.00591028 0.00274136 0.00523606
30 35 0.00555499 0.00214216 0.00512534
30 36 0.00528445 0.00157915 0.00504299
30 37 0.00509583 0.00104043 0.00498848
30 38 0.00498819 0.000516655 0.00496136
30 39 0 0 0
31 0 0.921692 0 0.921692
31 1 0.902101 0.0984028 0.896718
31 2 0.871449 0.184349 0.851727
31 3 0.832573 0.250123 0.794113
31 4 0.787858 0.293655 0.731086
31 5 0.739546 0.316853 0.668231
31 6 0.689759 0.32349 0.609197
31 7 0.640372 0.317687 0.556014
31 8 0.592932 0.303125 0.509591
31 9 0.548685 0.282777 0.470204
31 10 0.508711 0.258909 0.437896
31 11 0.474139 0.233205 0.412823
31 12 0.446488 0.206904 0.395655
31 13 0.428317 0.18089 0.388246
31 14 0.424796 0.155581 0.39528
31 15 0.448688 0.129829 0.429495
31 16 0.540395 0.0947057 0.532032
31 17 0 0 0
31 18 0 0 0
31 19 0 0 0
31 20 0 0 0
31 21 0.0392679 0 -0.0392679
31 22 0.0227507 0.0155011 -0.0166527
31 23 0.0183622 0.0173578 -0.00598976
31 24 0.0158414 0.0158315 -0.000558594
31 25 0.0138447 0.0136537 0.00229141
31 26 0.0121767 0.0115752 0.00377966
31 27 0.0107732 0.00977648 0.00452567
31 28 0.00958959 0.00826518 0.00486281
31 29 0.00858842 0.00699978 0.00497635
31 30 0.00773822 0.0059303 0.00497108
31 31 0.00701376 0.00501155 0.00490685
31 32 0.00639596 0.00420656 0.004818
31 33 0.00587139 0.00348637 0.00472424
31 34 0.0054316 0.00282873 0.00463686
31 35 0.00507233 0.0022167 0.00456233
31 36 0.00479259 0.00163721 0.00450427
31 37 0.00459347 0.00107999 0.00446471
31 38 0.00447698 0.00053666 0.0044447
31 39 0 0 0
32 0 1.0201 0 1.0201
32 1 0.992008 0.135833 0.982664
32 2 0.950823 0.249512 0.917501
32 3 0.900297 0.329978 0.837645
32 4 0.843259 0.377016 0.754285
32 5 0.782609 0.39627 0.674868
32 6 0.721166 0.394963 0.603394
32 7 0.661278 0.379628 0.541453
32 8 0.604666 0.355335 0.489243
32 9 0.552527 0.325683 0.446337
32 10 0.50575 0.293054 0.412192
32 11 0.465205 0.258876 0.386522
32 12 0.432104 0.223784 0.369641
32 13 0.408552 0.187594 0.362937
32 14 0.398433 0.148991 0.369527
32 15 0.408106 0.104984 0.394372
32 16 0.440377 0.0517514 0.437326
32 17 0 0 0
32 18 0 0 0
32 19 0 0 0
32 20 0 0 0
32 21 0.0237668 0 -0.0237668
32 22 0.016173 0.00653028 -0.014796
32 23 0.012572 0.0100779 -0.00751606
32 24 0.0113855 0.0110518 -0.00273636
32 25 0.0107066 0.0107045 0.000212906
32 26 0.0100053 0.00980724 0.0019809
32 27 0.00924807 0.00874302 0.00301437
32 28 0.00848273 0.00768214 0.00359741
32 29 0.00774752 0.00669033 0.00390686
32 30 0.00706297 0.00578482 0.00405234
32 31 0.00643793 0.00496203 0.00410186
32 32 0.00587549 0.00421063 0.0040978
32 33 0.00537685 0.00351756 0.00406661
32 34 0.00494359 0.00287051 0.00402483
32 35 0.00457872 0.0022587 0.00398284
32 36 0.00428697 0.00167299 0.00394705
32 37 0.00407427 0.00110566 0.00392138
32 38 0.00394655 0.000549997 0.00390804
32 39 0 0 0
33 0 1.15593 0 1.15593
33 1 1.11362 0.195418 1.09634
33 2 1.05687 0.347889 0.997966
33 3 0.989517 0.443261 0.884683
33 4 0.914692 0.48816 0.773539
33 5 0.836628 0.496247 0.673561
33 6 0.759382 0.480466 0.588059
33 7 0.685878 0.450528 0.517159
33 8 0.617829 0.412903 0.459591
33 9 0.556071 0.371567 0.413707
33 10 0.500968 0.328747 0.378014
33 11 0.452759 0.285459 0.35143
33 12 0.411873 0.241764 0.33345
33 13 0.379325 0.196711 0.324334
33 14 0.357505 0.147804 0.325521
33 15 0.35265 0.0893657 0.341139
33 16 0.385644 0.00731567 0.385575
33 17 0.14137 -0.14137 0
33 18 0 0 0
33 19 0 0 0
33 20 0 0 0
33 21 0.0192399 -0.00854857 -0.0172365
33 22 0.0112614 0.000542153 -0.0112484
33 23 0.00846489 0.00537165 -0.00654214
33 24 0.00819562 0.00759335 -0.00308369
33 25 0.00833326 0.00830512 -0.00068433
33 26 0.00825727 0.00820623 0.000916686
33 27 0.00794997 0.00770622 0.00195349
33 28 0.00749737 0.00703004 0.00260559
33 29 0.00697349 0.00629456 0.00300136
33 30 0.00642699 0.00555663 0.00322954
33 31 0.00588744 0.00484111 0.00335046
33 32 0.00537285 0.00415636 0.00340474
33 33 0.00489516 0.00350275 0.00341955
33 34 0.00446386 0.00287703 0.00341302
33 35 0.00408831 0.00227458 0.00339713
33 36 0.00377889 0.00169042 0.00337971
33 37 0.00354707 0.00111966 0.00336572
33 38 0.00340404 0.000557668 0.00335805
33 39 0 0 0
34 0 1.35135 0 1.35135
34 1 1.28387 0.297951 1.24881
34 2 1.20365 0.503365 1.09334
34 3 1.11022 0.607018 0.929582
34 4 1.00776 0.636115 0.781626
34 5 0.903986 0.620093 0.65778
34 6 0.805012 0.580125 0.558121
34 7 0.714083 0.529114 0.479535
34 8 0.632287 0.474185 0.418254
34 9 0.55952 0.418933 0.370887
34 10 0.495176 0.364907 0.334727
34 11 0.438551 0.312451 0.307735
34 12 0.389033 0.261102 0.288397
34 13 0.346159 0.209681 0.275427
34 14 0.309379 0.156147 0.267083
34 15 0.276778 0.0973596 0.259089
34 16 0.23872 0.029516 0.236889
34 17 0.14862 -0.0458523 0.14137
34 18 0.0813641 -0.0813641 0
34 19 0.0395196 -0.0395196 0
34 20 0.02378 -0.0221903 -0.00854857
34 21 0.0121029 -0.00895136 -0.00814578
34 22 0.0065273 -0.00118475 -0.00641888
34 23 0.00542035 0.00327322 -0.00432044
34 24 0.00612293 0.00564484 -0.00237193
34 25 0.00676193 0.00671641 -0.000783222
34 26 0.0070187 0.00700632 0.000416682
34 27 0.00696374 0.0068456 0.00127731
34 28 0.00670338 0.00643724 0.00187011
34 29 0.00632041 0.00590122 0.00226344
34 30 0.0058715 0.00530606 0.00251402
34 31 0.00539412 0.00468941 0.00266571
34 32 0.00491338 0.00407094 0.00275113
34 33 0.00444718 0.00346004 0.00279384
34 34 0.00401007 0.0028603 0.00281057
34 35 0.00361602 0.00227218 0.00281297
34 36 0.00328045 0.00169442 0.00280896
34 37 0.00302097 0.00112489 0.00280372
34 38 0.00285602 0.000561014 0.00280038
34 39 0 0 0
35 0 1.6493 0 1.6493
35 1 1.53553 0.493019 1.45423
35 2 1.4182 0.760604 1.19699
35 3 1.27814 0.84533 0.958679
35 4 1.12859 0.82919 0.765604
35 5 0.985566 0.767885 0.617812
35 6 0.856973 0.690828 0.507109
35 7 0.744557 0.611617 0.424606
35 8 0.647178 0.535788 0.363002
35 9 0.562756 0.465074 0.316862
35 10 0.489158 0.399498 0.282271
35 11 0.424506 0.338336 0.256386
35 12 0.367212 0.280513 0.236975
35 13 0.31584 0.224762 0.221893
35 14 0.268701 0.169746 0.208295
35 15 0.222855 0.114409 0.191245
35 16 0.172042 0.0592412 0.16152
35 17 0.106312 0.00980936 0.105859
35 18 0.045299 -0.0173502 0.0418446
35 19 0.0229223 -0.0150042 0.0173293
35 20 0.0106408 -0.00955134 0.00469034
35 21 0.00390032 -0.00388184 -0.000379174
35 22 0.00200068 0.000396977 -0.0019609
35 23 0.00379907 0.00326114 -0.00194883
35 24 0.0051628 0.00499636 -0.00130035
35 25 0.00592993 0.00590938 -0.000493315
35 26 0.00626228 0.00625705 0.000255958
35 27 0.00629289 0.00623261 0.00086895
35 28 0.0061193 0.0059721 0.00133409
35 29 0.00581164 0.00556705 0.00166827
35 30 0.00541992 0.00507696 0.00189737
35 31 0.00497981 0.00453952 0.00204725
35 32 0.00451717 0.00397797 0.00214022
35 33 0.00405167 0.00340616 0.0021941
35 34 0.0035999 0.00283196 0.00222245
35 35 0.00317823 0.00225942 0.00223521
35 36 0.00280568 0.00169021 0.00223943
35 37 0.00250626 0.00112448 0.00223984
35 38 0.00230868 0.000561494 0.00223936
35 39 0 0 0
36 0 2.14232 0 2.14232
36 1 1.94914 0.913522 1.72181
36 2 1.75627 1.2007 1.28172
36 3 1.51375 1.18451 0.942538
36 4 1.27884 1.06743 0.7043
36 5 1.07702 0.931431 0.540754
36 6 0.910496 0.803683 0.427899
36 7 0.7738 0.690739 0.348777
36 8 0.660473 0.592277 0.292288
36 9 0.565028 0.506074 0.251287
36 10 0.48323 0.429676 0.221109
36 11 0.411902 0.360883 0.198562
36 12 0.34865 0.29785 0.181225
36 13 0.291585 0.23911 0.166877
36 14 0.239016 0.183664 0.152958
36 15 0.189088 0.13129 0.136077
36 16 0.13961 0.0832302 0.112088
36 17 0.0897756 0.0431987 0.078699
36 18 0.0474048 0.0171583 0.0441905
36 19 0.0236652 0.00640412 0.0227822
36 20 0.0107503 0.00287098 0.0103598
36 21 0.00467495 0.00257836 0.00389965
36 22 0.00351152 0.00339336 0.000903261
36 23 0.00438322 0.00437801 -0.000213606
36 24 0.00518457 0.00517008 -0.00038733
36 25 0.00566957 0.0056677 -0.000145647
36 26 0.00588444 0.00587988 0.000231516
36 27 0.0058872 0.00585567 0.000608447
36 28 0.00572737 0.00565152 0.000929032
36 29 0.00544685 0.0053179 0.00117818
36 30 0.0050806 0.00489521 0.00135993
36 31 0.00465709 0.00441375 0.0014857
36 32 0.00419915 0.00389525 0.00156842
36 33 0.00372531 0.00335467 0.0016199
36 34 0.00325163 0.00280195 0.00164991
36 35 0.0027943 0.00224334 0.00166599
36 36 0.0023732 0.0016825 0.0016737
36 37 0.00201723 0.00112132 0.00167686
36 38 0.00176901 0.000560486 0.00167787
36 39 0 0 0
37 0 3.05584 0 3.05584
37 1 2.80697 1.96037 2.00899
37 2 2.31977 1.94416 1.26553
37 3 1.82226 1.62458 0.825457
37 4 1.44135 1.32458 0.568302
37 5 1.16256 1.08673 0.413006
37 6 0.955154 0.901733 0.314956
37 7 0.795774 0.75538 0.250315
37 8 0.669038 0.636507 0.206085
37 9 0.565018 0.537271 0.174889
37 10 0.477211 0.45225 0.152315
37 11 0.401251 0.377669 0.135529
37 12 0.334152 0.310894 0.122485
37 13 0.273859 0.250164 0.111431
37 14 0.218979 0.194512 0.100584
37 15 0.168647 0.143856 0.0880176
37 16 0.122601 0.099191 0.0720569
37 17 0.0818004 0.062597 0.0526586
37 18 0.0494119 0.0363805 0.0334363
37 19 0.0281875 0.0205914 0.019249
37 20 0.0157041 0.0120528 0.0100672
37 21 0.00922646 0.00793093 0.00471465
37 22 0.0065003 0.0062201 0.00188791
37 23 0.00571679 0.00568745 0.000578469
37 24 0.00563935 0.00563827 0.000110281
37 25 0.00571183 0.00571144 6.65395e-05
37 26 0.00574286 0.00573912 0.000207307
37 27 0.00567311 0.00565869 0.000404291
37 28 0.00549277 0.0054604 0.000595411
37 29 0.00521285 0.00515782 0.000755491
37 30 0.00485241 0.00477223 0.000878474
37 31 0.00443186 0.00432504 0.000967193
37 32 0.00396997 0.0038346 0.00102784
37 33 0.00348286 0.00331533 0.00106718
37 34 0.0029845 0.00277783 0.0010913
37 35 0.00248836 0.00222948 0.00110516
37 36 0.00201092 0.00167514 0.00111252
37 37 0.00157956 0.0011178 0.00111603
37 38 0.00124947 0.000559134 0.00111738
37 39 0 0 0
38 0 11.1876 10 5.01621
38 1 5.36744 4.98379 1.99279
38 2 3.13703 2.99101 0.945944
38 3 2.11149 2.04506 0.525461
38 4 1.55511 1.5196 0.330444
38 5 1.21082 1.18916 0.228013
38 6 0.97582 0.961144 0.168603
38 7 0.803367 0.792541 0.131441
38 8 0.669679 0.6611 0.106849
38 9 0.56149 0.554251 0.0898679
38 10 0.470845 0.464383 0.0777344
38 11 0.392714 0.386649 0.0687545
38 12 0.323837 0.317894 0.0617545
38 13 0.262143 0.25614 0.0557786
38 14 0.206489 0.200361 0.0499287
38 15 0.156555 0.150433 0.0433523
38 16 0.1128 0.10708 0.0354628
38 17 0.0763431 0.0716176 0.0264422
38 18 0.0485 0.0451755 0.0176472
38 19 0.0295384 0.0275283 0.0107104
38 20 0.0178378 0.0168178 0.00594536
38 21 0.0112798 0.0108725 0.00300382
38 22 0.00798452 0.00786866 0.00135525
38 23 0.00653488 0.00651341 0.000529293
38 24 0.00598693 0.00598412 0.000183448
38 25 0.00580143 0.00580067 9.42171e-05
38 26 0.00570786 0.00570645 0.000126881
38 27 0.00558337 0.00557957 0.000206
38 28 0.00538154 0.00537357 0.000292828
38 29 0.00509419 0.00508074 0.000369901
38 30 0.00473054 0.00471084 0.000431284
38 31 0.00430603 0.00427956 0.000476761
38 32 0.00383665 0.0038028 0.000508568
38 33 0.00333654 0.00329423 0.000529674
38 34 0.00281737 0.00276456 0.000542948
38 35 0.00228887 0.00222161 0.00055082
38 36 0.00176061 0.00167079 0.000555175
38 37 0.00124709 0.00111561 0.000557364
38 38 0.000789483 0.000558249 0.000558249
38 39 0 0 0
39 0 0 0 0
39 1 0 0 0
39 2 0 0 0
39 3 0 0 0
39 4 0 0 0
39 5 0 0 0
39 6 0 0 0
39 7 0 0 0
39 8 0 0 0
39 9 0 0 0
39 10 0 0 0
39 11 0 0 0
39 12 0 0 0
39 13 0 0 0
39 14 0 0 0
39 15 0 0 0
39 16 0 0 0
39 17 0 0 0
39 18 0 0 0
39 19 0 0 0
39 20 0 0 0
39 21 0 0 0
39 22 0 0 0
39 23 0 0 0
39 24 0 0 0
39 25 0 0 0
39 26 0 0 0
39 27 0 0 0
39 28 0 0 0
39 29 0 0 0
39 30 0 0 0
39 31 0 0 0
39 32 0 0 0
39 33 0 0 0
39 34 0 0 0
39 35 0 0 0
39 36 0 0 0
39 37 0 0 0
39 38 0 0 0
39 39 0 0 0
