
-100 -100 0 0 0 0 0 0 0 0 0 0 0 0 0 0 0 0 0 0 0 0 0 0 0 0 0 0 0 0 0 0 0 0 0 0 0 0 0 0 0 0 0 0 0 0 0 0 100 0 
-100 -75 -37.4037 -22.4831 -15.4141 -11.4989 -9.04675 -7.36348 -6.12636 -5.16874 -4.39631 -3.75178 -3.19805 -2.71001 -2.26988 -1.86499 -1.48667 -1.13044 -0.79717 -0.495233 -0.242541 -0.0652471 -0.0184337 -0.00368491 0.00446165 0.0161066 0.042008 0.101665 0.223515 0.379786 0.554804 0.742745 0.942554 1.15555 1.38461 1.63405 1.90987 2.22024 2.5766 2.99529 3.5006 4.13045 4.94742 6.06248 7.69051 10.2942 15.0007 24.9418 50 0 
-100 -75 -52.1316 -37.1147 -27.6742 -21.5347 -17.3248 -14.2806 -11.9733 -10.1523 -8.66477 -7.41271 -6.33043 -5.37209 -4.50452 -3.70337 -2.95125 -2.23796 -1.56298 -0.941228 -0.409733 0 -0.00480215 -0.000772863 0.00540863 0.0179404 0.050271 0.141136 0.412594 0.740828 1.09668 1.47362 1.87192 2.29504 2.74885 3.24175 3.78517 4.3945 5.09088 5.90394 6.87667 8.07378 9.59673 11.612 14.4053 18.4856 24.767 34.7663 50 0 
-100 -75 -59.008 -46.1699 -36.6332 -29.6411 -24.437 -20.4611 -17.3337 -14.8024 -12.6977 -10.9039 -9.3389 -7.94342 -6.67275 -5.49271 -4.377 -3.30716 -2.27553 -1.29698 -0.455126 -0.113782 0 0 0 0 0 0 0.544903 1.07427 1.61746 2.18313 2.77648 3.40382 4.07399 4.79895 5.59455 6.48172 7.48846 8.65291 10.0284 11.6913 13.7537 16.3835 19.8332 24.4758 30.8155 39.3563 50 0 
-100 -75 -62.7303 -51.924 -43.0475 -35.9594 -30.321 -25.793 -22.0981 -19.0257 -16.42 -14.1661 -12.1779 -10.3899 -8.75043 -7.21772 -5.75686 -4.33812 -2.93503 -1.51603 0 0 0 0 0 0 0 0 0.692762 1.39387 2.11577 2.86495 3.64703 4.46979 5.34435 6.2855 7.31235 8.44939 9.72833 11.1909 12.8927 14.9092 17.3434 20.3349 24.0683 28.769 34.6627 41.8435 50 0 
-100 -75 -64.9894 -55.748 -47.6735 -40.8282 -35.0944 -30.2918 -26.24 -22.7823 -19.7906 -17.1625 -14.8168 -12.6878 -10.7214 -8.87086 -7.09457 -5.35346 -3.61042 -1.83217 0 0 0 0 0 0 0 0 0.83227 1.69268 2.58679 3.5139 4.47688 5.48397 6.54811 7.68635 8.91995 10.2752 11.7846 13.4895 15.4422 17.7095 20.3757 23.5446 27.3359 31.8693 37.2229 43.3549 50 0 
-100 -75 -66.4791 -58.4054 -51.0702 -44.5857 -38.9366 -34.0398 -29.7879 -26.0731 -22.7974 -19.8766 -17.2389 -14.8232 -12.5763 -10.4498 -8.39711 -6.37071 -4.32102 -2.2022 0 0 0 0 0 0 0 0 0.943625 1.95783 3.0248 4.12697 5.26263 6.4411 7.67777 8.99185 10.406 11.9466 13.6455 15.5404 17.6772 20.1108 22.9053 26.1319 29.8615 34.1492 39.0048 44.3532 50 0 
-100 -75 -67.5216 -60.3242 -53.616 -47.5078 -42.0264 -37.1428 -32.7988 -28.9246 -25.4495 -22.3075 -19.4389 -16.7898 -14.3109 -11.955 -9.67335 -7.41126 -5.10076 -2.65556 0 0 0 0 0 0 0 0 0.984408 2.17018 3.42761 4.70655 6.00557 7.34003 8.73001 10.1973 11.7654 13.46 15.3102 17.3494 19.6155 22.1513 25.0028 28.216 31.8292 35.8612 40.2939 45.0532 50 0 
-100 -75 -68.2831 -61.7537 -55.562 -49.8032 -44.5182 -39.7063 -35.3401 -31.3769 -27.7684 -24.4651 -21.4194 -18.5862 -15.9226 -13.3858 -10.9301 -8.5002 -6.01522 -3.31931 0 0 0 0 0 0 0 0 0.823821 2.31088 3.80893 5.26603 6.71309 8.18344 9.70493 11.3021 12.9983 14.8177 16.786 18.9314 21.2841 23.876 26.7387 29.9001 33.378 37.1726 41.2563 45.5656 50 0 
-100 -75 -68.8571 -62.8453 -57.0752 -51.6247 -46.5367 -41.8243 -37.4782 -33.4746 -29.782 -26.365 -23.1873 -20.2131 -17.4075 -14.7355 -12.161 -9.64428 -7.14061 -4.60643 -2.0639 0 0 0 0 0 0 0.211968 0 2.4406 4.23119 5.83555 7.39731 8.97569 10.6042 12.3077 14.108 16.0264 18.0849 20.3061 22.7135 25.3299 28.1761 31.2675 34.6101 38.1949 41.9932 45.9528 50 0 
-100 -75 -69.3001 -63.6953 -58.2688 -53.0836 -48.1798 -43.576 -39.2737 -35.2615 -31.5201 -28.0256 -24.7517 -21.6715 -18.7588 -15.9878 -13.334 -10.7753 -8.29648 -5.90195 -3.64917 -1.69023 0 0 0 0 0 0.847866 1.6598 3.22035 4.83967 6.44767 8.06492 9.71779 11.4286 13.2165 15.0995 17.0951 19.2209 21.4947 23.9337 26.554 29.3682 32.3839 35.5999 39.0037 42.5687 46.2526 50 0 
-100 -75 -69.6479 -64.3671 -59.2212 -54.2612 -49.5228 -45.0263 -40.779 -36.7775 -33.0114 -29.4656 -26.1222 -22.9626 -19.9684 -17.1228 -14.4118 -11.8266 -9.36804 -7.0557 -4.94059 -3.11175 -1.66953 -0.897298 -0.361923 0.112003 0.658432 1.5197 2.57098 3.94131 5.45947 7.05054 8.69691 10.402 12.1758 14.0303 15.9785 18.0336 20.209 22.518 24.9728 27.5841 30.359 33.2998 36.4018 39.6515 43.0252 46.4888 50 0 
-100 -75 -69.9246 -64.9038 -59.9875 -55.2173 -50.6239 -46.2276 -42.0383 -38.0581 -34.2825 -30.7031 -27.3089 -24.0881 -21.0294 -18.1233 -15.3639 -12.7511 -10.2934 -8.01223 -5.94577 -4.14662 -2.66907 -1.55774 -0.662403 0.151509 1.00203 2.00154 3.1631 4.51446 6.00636 7.59809 9.27021 11.0175 12.8422 14.7505 16.7506 18.8517 21.0635 23.3953 25.8556 28.4506 31.1839 34.0545 37.0561 40.1753 43.3916 46.6776 50 0 
-100 -75 -70.1466 -65.336 -60.6079 -55.9964 -51.5281 -47.2217 -43.0887 -39.1339 -35.3574 -31.7555 -28.3223 -25.0516 -21.9377 -18.977 -16.1695 -13.5206 -11.0421 -8.75409 -6.68364 -4.8599 -3.30239 -2.00219 -0.881465 0.154408 1.19663 2.3213 3.56545 4.94705 6.45343 8.06526 9.76836 11.5555 13.425 15.3789 17.4217 19.5592 21.798 24.1443 26.6034 29.1788 31.8714 34.6784 37.5927 40.6019 43.6885 46.83 50 0 
-100 -75 -70.3257 -65.6856 -61.1118 -56.6324 -52.2702 -48.0424 -43.9607 -40.0316 -36.2578 -32.639 -29.1733 -25.8583 -22.6927 -19.6774 -16.8167 -14.1196 -11.6004 -9.27838 -7.17478 -5.30692 -3.67842 -2.26716 -1.01569 0.150962 1.30876 2.52162 3.83034 5.25486 6.79505 8.44117 10.1825 12.0112 13.9233 15.9183 17.9979 20.1655 22.4251 24.7805 27.235 29.7899 32.4445 35.195 38.0343 40.9511 43.9305 46.9539 50 0 
-100 -75 -70.4706 -65.969 -61.5214 -57.1511 -52.8779 -48.7172 -44.6801 -40.774 -37.0032 -33.3695 -29.8734 -26.5156 -23.2976 -20.2233 -17.3002 -14.5406 -11.9616 -9.58426 -7.43018 -5.5146 -3.83719 -2.37233 -1.0651 0.156374 1.36584 2.62606 3.97942 5.44701 7.03074 8.72188 10.5092 12.3834 14.3389 16.3731 18.4862 20.6798 22.9562 25.3178 27.7661 30.3012 32.9216 35.6229 38.3983 41.2378 44.1285 47.055 50 0 
-100 -75 -70.5878 -66.1984 -61.8535 -57.5728 -53.3732 -49.2682 -45.2684 -41.3812 -37.6115 -33.9622 -30.4354 -27.0332 -23.7587 -20.6178 -17.6202 -14.7809 -12.121 -9.66692 -7.44707 -5.48413 -3.78339 -2.31988 -1.02875 0.17378 1.37215 2.63739 4.01428 5.52301 7.15901 8.90641 10.749 12.6745 14.6757 16.7491 18.894 21.1112 23.4022 25.7683 28.2102 30.7274 33.3177 35.9768 38.6982 41.4732 44.2907 47.1378 50 0 
-100 -75 -70.6822 -66.3833 -62.1215 -57.9135 -53.7737 -49.7141 -45.7442 -41.8709 -38.0992 -34.4324 -30.8728 -27.4229 -24.0863 -20.8691 -17.782 -14.842 -12.0746 -9.51535 -7.20705 -5.19144 -3.49237 -2.09506 -0.903776 0.195345 1.31159 2.53709 3.91727 5.47175 7.17587 8.99582 10.9057 12.8899 14.9403 17.0536 19.2295 21.4689 23.773 26.143 28.5792 31.0806 33.645 36.2683 38.9446 41.6661 44.4234 47.2054 50 0 
-100 -75 -70.7575 -66.531 -62.3358 -58.186 -54.094 -50.0703 -46.1233 -42.2591 -38.4822 -34.7954 -31.2006 -27.6994 -24.2944 -20.9904 -17.7967 -14.7302 -11.8201 -9.11282 -6.67435 -4.58219 -2.8996 -1.66422 -0.68664 0.199799 1.14176 2.28211 3.64596 5.27086 7.0769 8.99525 10.9882 13.0391 15.1418 17.2956 19.5016 21.7618 24.078 26.4516 28.8828 31.3708 33.9134 36.5068 39.1457 41.8233 44.5313 47.2603 50 0 
-100 -75 -70.8169 -66.6475 -62.5046 -58.4006 -54.346 -50.3499 -46.4195 -42.56 -38.775 -35.0663 -31.4346 -27.8797 -24.4016 -21.0014 -17.6841 -14.4621 -11.3629 -8.44142 -5.79533 -3.56339 -1.85963 -0.97555 -0.37836 0.14874 0.773533 1.80362 3.11361 4.88883 6.86562 8.92005 11.0129 13.1364 15.2924 17.4852 19.7194 21.9986 24.3257 26.7025 29.1296 31.6064 34.1309 36.6997 39.3081 41.95 44.6182 47.3045 50 0 
-100 -75 -70.8627 -66.7372 -62.6348 -58.5658 -54.5396 -50.5639 -46.6447 -42.7865 -38.9915 -35.2604 -31.5919 -27.9833 -24.4307 -20.9296 -17.4762 -14.0712 -10.728 -7.49463 -4.50215 -2.01638 0 0 0 0 0 1.04523 2.11602 4.30523 6.57668 8.80643 11.007 13.2012 15.4061 17.6336 19.8922 22.1875 24.5237 26.9031 29.3268 31.7944 34.3042 36.8532 39.4371 42.0505 44.687 47.3395 50 0 
-100 -75 -70.8968 -66.804 -62.7314 -58.6882 -54.6826 -50.7212 -46.8091 -42.9497 -39.1442 -35.3917 -31.6892 -28.0309 -24.4085 -20.81 -17.22 -13.6185 -9.98331 -6.30693 -2.70227 0 0 0 0 0 0 0.261307 0 3.6394 6.32944 8.72198 11.0074 13.2552 15.4972 17.7511 20.0281 22.3356 24.6784 27.0594 29.48 31.9401 34.4382 36.9716 39.5365 42.1279 44.74 47.3664 50 0 
-100 -75 -70.9206 -66.8504 -62.7985 -58.7731 -54.7814 -50.8292 -46.9209 -43.059 -39.2437 -35.4731 -31.7422 -28.0428 -24.3622 -20.682 -16.9751 -13.1995 -9.27981 -5.0475 0 0 0 0 0 0 0 0 1.47061 3.92294 6.37969 8.74461 11.0456 13.315 15.5763 17.8455 20.1336 22.4484 24.7948 27.1762 29.5938 32.0479 34.537 37.0587 39.6094 42.1845 44.7787 47.386 50 0 
-100 -75 -70.935 -66.8787 -62.8392 -58.8243 -54.8406 -50.8933 -46.9864 -43.1216 -39.2987 -35.5148 -31.7638 -28.0358 -24.3154 -20.5806 -16.7992 -12.9244 -8.88897 -4.60327 0 0 0 0 0 0 0 0 1.95952 4.20205 6.52178 8.83118 11.1153 13.383 15.6475 17.9209 20.2125 22.5294 24.8764 27.2566 29.6713 32.1206 34.6032 37.1167 39.6578 42.222 44.8043 47.399 50 0 
-100 -75 -70.9408 -66.89 -62.8554 -58.8444 -54.8632 -50.9172 -47.0096 -43.1423 -39.3147 -35.5236 -31.7625 -28.021 -24.2832 -20.526 -16.7166 -12.8099 -8.74842 -4.47663 0 0 0 0 0 0 0 0 2.16542 4.40396 6.67419 8.94301 11.2015 13.4541 15.7099 17.978 20.2661 22.5803 24.9249 27.3024 29.7141 32.1599 34.6384 37.1473 39.683 42.2414 44.8175 47.4057 50 0 
-100 -75 -70.9384 -66.885 -62.848 -58.8345 -54.8509 -50.9024 -46.9927 -43.1234 -39.2942 -35.5023 -31.7416 -28.0026 -24.2703 -20.5234 -16.7313 -12.8501 -8.81821 -4.55483 0 0 0 0 0 0 0 0 2.29819 4.57417 6.82802 9.06517 11.2935 13.5221 15.76 18.015 20.2936 22.6009 24.9403 27.3141 29.7229 32.1665 34.6433 37.1509 39.6856 42.2432 44.8186 47.4062 50 0 
-100 -75 -70.9276 -66.8638 -62.817 -58.7946 -54.8035 -50.849 -46.9352 -43.0643 -39.2364 -35.4496 -31.6992 -27.9773 -24.272 -20.5662 -16.835 -13.0411 -9.11949 -4.92447 0 0 0 0 0 0 0 0 2.45318 4.76652 6.99856 9.19612 11.3852 13.5809 15.793 18.0284 20.2925 22.5894 24.9215 27.2906 29.6969 32.1398 34.6176 37.1273 39.6654 42.2272 44.8076 47.4006 50 0 
-100 -75 -70.9082 -66.8257 -62.7614 -58.7236 -54.7194 -50.755 -46.8349 -42.9621 -39.1376 -35.3607 -31.6284 -27.9355 -24.2743 -20.6342 -17.0015 -13.3596 -9.69424 -6.02354 -2.56609 -0.641523 0 0 0 0 0 0 2.74799 5.04016 7.2036 9.3355 11.4704 13.6234 15.8025 18.013 20.2588 22.5424 24.8658 27.2299 29.6344 32.0784 34.5597 37.0754 39.6213 42.1927 44.7838 47.3885 50 0 
-100 -75 -70.8796 -66.7694 -62.6794 -58.6188 -54.5956 -50.6167 -46.6874 -42.8115 -38.9912 -35.227 -31.518 -27.8619 -24.2555 -20.6949 -17.1772 -13.7018 -10.2743 -6.90937 -3.5993 0 -0.450209 -0.300807 0.00215976 0.383979 0.898481 1.73996 3.49861 5.44255 7.44015 9.47187 11.5376 13.6397 15.7806 17.9625 20.1871 22.4558 24.7695 27.1286 29.5324 31.9796 34.4676 36.9932 39.5519 42.1384 44.7465 47.3695 50 0 
-100 -75 -70.8407 -66.693 -62.5681 -58.4766 -54.4275 -50.4287 -46.4864 -42.6054 -38.7887 -35.0383 -31.3548 -27.7387 -24.1907 -20.7128 -17.3106 -13.9959 -10.7917 -7.74038 -4.92173 -2.53496 -1.50002 -0.755178 -0.0745287 0.635276 1.46998 2.56277 4.06394 5.79128 7.6426 9.57425 11.5683 13.6172 15.7178 17.8692 20.0712 22.3241 24.628 26.9826 29.3871 31.8398 34.338 36.8779 39.4547 42.0625 44.6945 47.343 50 0 
-100 -75 -70.7901 -66.5937 -62.4236 -58.2918 -54.209 -50.1841 -46.2242 -42.3349 -38.5201 -34.7825 -31.1242 -27.5475 -24.0557 -20.655 -17.3566 -14.1796 -11.1562 -8.33874 -5.8123 -3.71808 -2.25974 -1.14535 -0.180382 0.761676 1.78338 2.97722 4.40308 6.01605 7.76471 9.61424 11.5441 13.5429 15.6043 17.7254 19.9045 22.1414 24.4356 26.7867 29.1936 31.6546 34.1666 36.7257 39.3265 41.9624 44.6258 47.3081 50 0 
-100 -75 -70.7261 -66.4679 -62.2407 -58.0582 -53.9328 -49.8745 -45.8915 -41.9899 -38.1742 -34.4473 -30.8121 -27.2713 -23.8297 -20.4951 -17.2811 -14.2096 -11.3147 -8.64608 -6.27063 -4.26534 -2.67548 -1.38612 -0.263312 0.808434 1.92463 3.15965 4.5551 6.10514 7.78595 9.57387 11.4511 13.4059 15.4313 17.5233 19.6802 21.9013 24.1863 26.5349 28.9462 31.4183 33.9483 36.5318 39.1631 41.8348 44.5382 47.2635 50 0 
-100 -75 -70.6463 -66.3113 -62.013 -57.7676 -53.5893 -49.4895 -45.4773 -41.5591 -37.7393 -34.0207 -30.4054 -26.896 -23.4965 -20.2145 -17.063 -14.0631 -11.2471 -8.66021 -6.35879 -4.39719 -2.79073 -1.46034 -0.295182 0.810737 1.94707 3.18165 4.55253 6.06346 7.70006 9.44417 11.2805 13.1985 15.1915 17.2564 19.3917 21.5973 23.8735 26.2205 28.6378 31.1241 33.6764 36.2902 38.9593 41.6754 44.4288 47.2078 50 0 
-100 -75 -70.5477 -66.118 -61.7324 -57.41 -53.1672 -49.0171 -44.9692 -41.03 -37.2032 -33.4907 -29.8929 -26.4107 -23.046 -19.8035 -16.6932 -13.7327 -10.9503 -8.38888 -6.10713 -4.17388 -2.6299 -1.36933 -0.267811 0.782618 1.87127 3.06734 4.40992 5.89611 7.50669 9.22223 11.0283 12.9158 14.88 16.919 19.0328 21.2226 23.4899 25.8357 28.2606 30.7638 33.3429 35.9933 38.7084 41.479 44.2936 47.1389 50 0 
-100 -75 -70.4266 -65.8807 -61.3885 -56.9727 -52.6525 -48.4424 -44.3524 -40.3884 -36.5529 -32.8458 -29.265 -25.8081 -22.4731 -19.2603 -16.1737 -13.2241 -10.4327 -7.83782 -5.50697 -3.56132 -2.18565 -1.11927 -0.189349 0.716276 1.68805 2.80652 4.12371 5.60435 7.20835 8.90976 10.6946 12.5566 14.4937 16.5068 18.598 20.7706 23.0276 25.3719 27.8051 30.3278 32.938 35.6318 38.402 41.2384 44.1278 47.0544 50 0 
-100 -75 -70.2778 -65.5899 -60.968 -56.4399 -52.0277 -47.7475 -43.6095 -39.6183 -35.7744 -32.0745 -28.5131 -25.0834 -21.7781 -18.5908 -15.5172 -12.5573 -9.71863 -7.02271 -4.52162 -2.37876 -1.43211 -0.732749 -0.0865943 0.583789 1.35812 2.34698 3.67405 5.18924 6.8126 8.51383 10.2839 12.1222 14.0314 16.0163 18.082 20.2341 22.4781 24.819 27.2603 29.804 32.4497 35.1939 38.0293 40.9448 43.9249 46.9507 50 0 
-100 -75 -70.0949 -65.2329 -60.4538 -55.7912 -51.271 -46.9106 -42.7197 -38.701 -34.8517 -31.1647 -27.6296 -24.2343 -20.9651 -17.8076 -14.747 -11.7693 -8.86178 -6.01277 -3.17803 0 -0.431283 -0.293026 -0.00806755 0.347349 0.813676 1.54923 3.03627 4.66596 6.33898 8.04907 9.80497 11.6167 13.4937 15.445 17.4794 19.6057 21.8319 24.1656 26.613 29.1783 31.863 34.6647 37.5766 40.5864 43.6764 46.8234 50 0 
-100 -75 -69.8688 -64.7931 -59.8231 -55.0002 -50.3543 -45.9041 -41.6576 -37.6144 -33.7669 -30.1029 -26.6065 -23.2592 -20.0405 -16.9274 -13.8941 -10.911 -7.94646 -4.98854 -2.17775 -0.544438 0 0 0 0 0 0 2.25583 4.09934 5.82829 7.5385 9.27023 11.0459 12.8815 14.7905 16.7851 18.8772 21.0782 23.3986 25.8478 28.4332 31.1591 34.0253 37.0259 40.148 43.371 46.6665 50 0 
-100 -75 -69.5873 -64.2475 -59.0454 -54.0321 -49.242 -44.6939 -40.3924 -36.3319 -32.4985 -28.8734 -25.4341 -22.1555 -19.0101 -15.9674 -12.991 -10.0341 -7.02452 -3.81717 0 0 0 0 0 0 0 0 1.88771 3.6473 5.33632 7.00642 8.69154 10.4153 12.1961 14.0504 15.9933 18.04 20.205 22.5027 24.9464 27.5477 30.315 33.2515 36.3537 39.6087 42.9929 46.4715 50 0 
-100 -75 -69.2328 -63.5641 -58.079 -52.8407 -47.8879 -43.2369 -38.8864 -34.8222 -31.0219 -27.4582 -24.101 -20.9186 -17.8772 -14.9409 -12.0685 -9.20988 -6.30036 -3.25562 0 0 0 0 0 0 0 0 1.64772 3.26584 4.86327 6.4593 8.07425 9.72744 11.4373 13.2215 15.0979 17.0843 19.1991 21.4607 23.8874 26.4963 29.3015 32.3121 35.5287 38.9403 42.5206 46.2265 50 0 
-100 -75 -68.7799 -62.6972 -56.8658 -51.3638 -46.2318 -41.4795 -37.094 -33.0486 -29.3087 -25.8365 -22.5933 -19.5404 -16.6394 -13.8506 -11.132 -8.43658 -5.71143 -2.90496 0 0 0 0 0 0 0 0 1.43732 2.90507 4.39161 5.89329 7.41871 8.983 10.604 12.3005 14.0924 16.0004 18.0464 20.2537 22.6463 25.2486 28.0827 31.1666 34.5088 38.1031 41.9225 45.9141 50 0 
-100 -75 -68.1897 -61.5788 -55.3232 -49.5168 -44.1962 -39.3552 -34.9616 -30.9694 -27.3278 -23.9859 -20.8952 -18.0105 -15.2892 -12.6902 -10.1725 -7.69297 -5.20382 -2.65278 0 0 0 0 0 0 0 0 1.19648 2.52553 3.9048 5.30353 6.72429 8.1819 9.69509 11.2842 12.9708 14.7784 16.7324 18.8612 21.1957 23.7688 26.6143 29.7628 33.2367 37.0409 41.1522 45.5073 50 0 
-100 -75 -67.4002 -60.1052 -53.3313 -47.1842 -41.6809 -36.7836 -32.4278 -28.5397 -25.0471 -21.8839 -18.9912 -16.3173 -13.8166 -11.4484 -9.17486 -6.95897 -4.75811 -2.50234 0 0 0 0 0 0 0 0 0.823061 2.09577 3.39851 4.69176 5.99304 7.3252 8.71032 10.1703 11.7284 13.4099 15.2437 17.2631 19.5063 22.0168 24.8427 28.0336 31.6341 35.6718 40.1379 44.9631 50 0 
-100 -75 -66.3058 -58.1104 -50.7128 -44.2077 -38.5594 -33.6707 -29.4261 -25.7143 -22.4372 -19.5115 -16.8684 -14.4507 -12.2115 -10.1118 -8.11963 -6.20992 -4.36732 -2.59846 -0.990025 0 0 0 0 0 0 0.071569 0 1.63597 2.90173 4.07195 5.23089 6.41555 7.65064 8.95845 10.3624 11.889 13.5695 15.4412 17.5495 19.9494 22.7062 25.8949 29.5945 33.8743 38.7645 44.2071 50 0 
-100 -75 -64.7125 -55.318 -47.2017 -40.3743 -34.6785 -29.9137 -25.8916 -22.4544 -19.4757 -16.8566 -14.52 -12.4058 -10.467 -8.6678 -6.98189 -5.39376 -3.90278 -2.53416 -1.36164 -0.525378 0 0 0 0 0 0.286278 0.657201 1.5464 2.50046 3.46344 4.44303 5.45546 6.51825 7.65043 8.87379 10.2143 11.7039 13.3826 15.3013 17.5252 20.1379 23.2451 26.9745 31.4664 36.8387 43.1008 50 0 
-100 -75 -62.2261 -51.2476 -42.4015 -35.4093 -29.8666 -25.4139 -21.7723 -18.7359 -16.1547 -13.9193 -11.9493 -10.1853 -8.58298 -7.11046 -5.74638 -4.48046 -3.31587 -2.27376 -1.39699 -0.739872 -0.313954 -0.13176 -0.0324216 0.0501349 0.167664 0.416341 0.796126 1.39196 2.09029 2.83832 3.62232 4.44501 5.31646 6.25122 7.26801 8.39056 9.64933 11.0841 12.7478 14.712 17.0752 19.9731 23.592 28.1783 34.0231 41.3576 50 0 
-100 -75 -57.9442 -45.0446 -35.7475 -28.9949 -23.9648 -20.103 -17.0479 -14.5623 -12.4878 -10.7164 -9.17269 -7.80299 -6.56918 -5.44469 -4.41272 -3.46581 -2.60649 -1.84801 -1.2127 -0.723169 -0.384187 -0.180662 -0.048063 0.0652983 0.20418 0.415294 0.719 1.13504 1.63039 2.17724 2.76291 3.3858 4.05137 4.76999 5.55646 6.43059 7.41875 8.55664 9.89366 11.4999 13.4777 15.9801 19.2423 23.6315 29.7177 38.3063 50 0 
-100 -75 -49.5061 -35.2393 -26.5488 -20.8582 -16.8945 -13.9853 -11.7539 -9.97742 -8.51789 -7.28601 -6.22201 -5.28483 -4.44605 -3.6864 -2.99399 -2.36357 -1.79629 -1.29909 -0.882617 -0.555922 -0.318959 -0.158637 -0.0444683 0.0549417 0.168463 0.321659 0.529532 0.798822 1.11899 1.47735 1.86627 2.28392 2.73322 3.22092 3.75727 4.35657 5.03843 5.83007 6.77032 7.91634 9.35553 11.2273 13.7654 17.3878 22.91 32.15 50 0 
-100 -50 -29.8409 -19.8576 -14.3502 -10.9946 -8.76977 -7.19 -6.00488 -5.07565 -4.32031 -3.6877 -3.1445 -2.66828 -2.2438 -1.86087 -1.51327 -1.19821 -0.915989 -0.66946 -0.462754 -0.298941 -0.17709 -0.0904604 -0.0261131 0.0304749 0.0930706 0.173345 0.278649 0.41172 0.569406 0.746912 0.940889 1.15038 1.3767 1.62318 1.89511 2.20001 2.54834 2.9549 3.4412 4.03959 4.80081 5.80814 7.20443 9.24416 12.3844 17.3836 25 0 
0 0 0 0 0 0 0 0 0 0 0 0 0 0 0 0 0 0 0 0 0 0 0 0 0 0 0 0 0 0 0 0 0 0 0 0 0 0 0 0 0 0 0 0 0 0 0 0 0 0 