168 
266 
361 
458 
555 
646 
739 
835 
929 
1026 
1116 
1212 
1306 
1402 
1498 
1594 
1691 
1790 
1885 
1977 
2072 
2173 
2268 
2363 
2461 
2559 
2656 
2748 
2843 
2938 
3033 
3136 
3231 
3323 
3422 
3526 
3624 
3715 
3808 
3901 
3999 
4096 
4192 
4287 
4383 
4478 
4579 
4670 
4764 
4858 
4951 
5050 
5153 
5246 
5344 
5439 
5529 
5630 
5729 
5822 
5916 
6012 
6108 
6206 
6305 
6409 
6504 
6602 
6699 
6794 
6889 
6984 
7078 
7172 
7267 
7357 
7451 
7538 
7634 
7731 
7835 
7927 
8018 
8114 
8205 
8307 
8406 
8511 
8607 
8706 
8804 
8896 
8986 
9084 
9197 
9295 
9389 
9482 
9573 
9670 
9769 
9865 
9966 
10064 
10160 
10256 
10351 
10447 
10555 
10650 
10742 
10836 
10931 
11030 
11129 
11229 
11331 
11424 
11528 
11632 
11730 
11822 
11912 
12000 
12094 
12190 
12290 
12382 
12475 
12571 
12668 
12763 
12854 
12950 
13047 
13142 
13237 
13332 
13426 
13529 
13622 
13722 
13817 
13912 
14010 
14102 
14202 
14293 
14388 
14478 
14568 
14655 
14748 
14846 
14938 
15040 
15134 
15227 
15322 
15422 
15512 
15609 
15709 
15804 
15903 
15997 
16099 
16196 
16292 
16385 
16477 
16570 
16665 
16770 
16870 
16965 
17071 
17164 
17258 
17358 
17452 
17547 
17643 
17739 
17832 
17933 
18023 
18120 
18216 
18311 
18407 
18499 
18596 
18695 
18793 
18892 
18987 
19086 
19187 
19282 
19378 
19472 
19572 
19664 
19754 
19863 
19955 
20050 
20144 
20234 
20334 
20442 
20534 
20630 
20726 
20820 
20916 
21010 
21107 
21202 
21296 
21401 
21492 
21585 
21683 
21779 
21870 
21969 
22065 
22167 
22270 
22371 
22468 
22566 
22662 
22758 
22852 
22943 
23039 
23139 
23234 
23328 
23423 
23518 
23614 
23714 
23810 
23906 
24000 
24095 
24202 
24297 
24389 
24488 
24582 
24672 
24766 
24862 
24959 
25056 
25158 
25259 
25350 
25462 
25562 
25662 
25758 
25846 
25937 
26036 
26135 
26235 
26331 
26425 
26522 
26616 
26707 
26807 
26906 
27008 
27100 
27191 
27284 
27384 
27485 
27576 
27667 
27765 
27863 
27967 
28065 
28165 
28268 
28366 
28463 
28557 
28646 
28746 
28837 
28930 
29030 
29124 
29221 
29315 
29418 
29517 
29613 
29700 
29799 
29900 
30005 
30107 
30204 
30298 
30407 
30515 
30612 
30711 
30804 
30905 
31001 
31104 
31204 
31309 
31402 
31498 
31605 
31705 
31807 
31909 
32006 
32101 
32199 
32299 
32400 
32494 
32589 
32684 
32784 
32878 
32983 
33074 
33171 
33270 
33369 
33467 
33565 
33658 
33749 
33844 
33943 
34040 
34134 
34227 
34323 
34420 
34520 
34619 
34713 
34811 
34908 
35003 
35102 
35199 
35292 
35387 
35487 
35580 
35670 
35761 
35855 
35949 
36046 
36150 
36247 
36347 
36443 
36550 
36648 
36744 
36838 
36938 
37033 
37127 
37218 
37308 
37404 
37499 
37599 
37695 
37792 
37886 
37981 
38075 
38173 
38273 
38370 
38466 
38569 
38669 
38767 
38871 
38967 
39058 
39150 
39242 
39336 
39439 
39533 
39634 
39725 
39834 
39932 
40023 
40120 
40218 
40317 
40407 
40504 
40595 
40694 
40794 
40887 
40979 
41079 
41170 
41266 
41363 
41455 
41544 
41636 
41725 
41817 
41914 
42015 
42113 
42214 
42311 
42410 
42510 
42606 
42701 
42793 
42887 
42984 
43078 
43165 
43258 
43347 
43435 
43525 
43616 
43706 
43800 
43892 
43985 
44075 
44179 
44277 
44382 
44486 
44584 
44684 
44785 
44880 
44972 
45070 
45168 
45266 
45361 
45454 
45559 
45656 
45750 
45842 
45937 
46032 
46127 
46223 
46314 
46406 
46503 
46598 
46690 
46793 
46885 
46980 
47073 
47161 
47253 
47354 
47449 
47554 
47650 
47751 
47845 
47938 
48030 
48127 
48224 
48318 
48410 
48505 
48598 
48695 
48791 
48884 
48987 
49087 
49186 
49277 
49374 
49466 
49563 
49654 
49752 
49846 
49939 
50028 
50119 
50211 
50305 
50401 
50496 
50589 
50685 
50782 
50881 
50978 
51072 
51169 
51275 
51369 
51470 
51564 
51654 
51745 
51834 
51938 
52035 
52138 
52240 
52335 
52428 
52528 
52624 
52719 
52813 
52909 
53010 
53102 
53203 
53305 
53406 
53502 
53598 
53693 
53788 
53892 
54000 
54093 
54190 
54297 
54393 
54490 
54590 
54688 
54781 
54876 
54977 
55088 
55187 
55284 
55390 
55491 
55597 
55693 
55791 
55886 
55986 
56084 
56190 
56289 
56386 
56482 
56579 
56677 
56773 
56867 
56963 
57063 
57154 
57250 
57339 
57439 
57536 
57625 
57721 
57817 
57913 
58011 
58104 
58204 
58299 
58390 
58483 
58582 
58681 
58809 
58913 
59004 
59105 
59206 
59314 
59413 
59509 
59606 
59703 
59806 
59902 
59996 
60088 
60190 
60286 
60387 
60484 
60582 
60675 
60769 
60863 
60967 
61065 
61169 
61258 
61355 
61448 
61546 
61644 
61741 
61835 
61925 
62022 
62114 
62209 
62304 
62399 
62492 
62582 
62677 
62775 
62877 
62976 
63077 
63179 
63274 
63370 
63466 
63569 
63664 
63761 
63866 
63969 
64061 
64154 
64249 
64346 
64440 
64539 
64632 
64728 
64826 
64924 
65017 
65113 
65209 
65304 
65412 
65513 
65612 
65709 
65804 
65894 
65991 
66087 
66182 
66279 
66378 
66472 
66578 
66683 
66797 
66891 
66983 
67073 
67164 
67255 
67344 
67433 
67526 
67626 
67720 
67826 
67920 
68014 
68112 
68208 
68297 
68393 
68485 
68584 
68690 
68789 
68884 
68978 
69074 
69178 
69271 
69381 
69482 
69576 
69668 
69758 
69859 
69956 
70044 
70141 
70229 
70323 
70418 
70514 
70611 
70707 
70806 
70913 
71008 
71109 
71206 
71301 
71404 
71499 
71594 
71687 
71786 
71880 
71984 
72084 
72188 
72297 
72390 
72478 
72582 
72670 
72760 
72860 
72967 
73064 
73168 
73266 
73375 
73470 
73567 
73667 
73763 
73860 
73955 
74047 
74140 
74239 
74335 
74425 
74524 
74634 
74734 
74837 
74932 
75021 
75118 
75219 
75320 
75430 
75532 
75623 
75719 
75814 
75910 
76003 
76102 
76197 
76299 
76398 
76492 
76586 
76683 
76779 
76879 
76975 
77073 
77171 
77263 
77359 
77460 
77555 
77651 
77750 
77848 
77942 
78047 
78141 
78240 
78336 
78431 
78528 
78623 
78730 
78827 
78917 
79015 
79113 
79204 
79294 
79396 
79497 
79603 
79701 
79798 
79896 
79997 
80094 
80196 
80296 
80395 
80487 
80582 
80677 
80765 
80866 
80962 
81060 
81158 
81251 
81349 
81446 
81541 
81646 
81749 
81848 
81944 
82034 
82125 
82224 
82325 
82423 
82515 
82610 
82709 
82802 
82905 
83002 
83100 
83203 
83297 
83395 
83489 
83590 
83682 
83776 
83875 
83966 
84061 
84160 
84269 
84367 
84458 
84555 
84648 
84747 
84844 
84941 
85039 
85130 
85224 
85320 
85414 
85513 
85609 
85706 
85802 
85895 
85990 
86086 
86182 
86289 
86389 
86481 
86582 
86676 
86774 
86870 
86965 
87065 
87161 
87252 
87345 
87440 
87537 
87635 
87737 
87839 
87937 
88027 
88122 
88219 
88311 
88412 
88510 
88605 
88701 
88797 
88888 
88982 
89081 
89186 
89282 
89376 
89474 
89568 
89663 
89758 
89853 
89956 
90050 
90148 
90241 
90347 
90445 
90543 
90638 
90736 
90832 
90931 
91025 
91121 
91214 
91311 
91406 
91495 
91588 
91683 
91783 
91884 
91984 
92079 
92177 
92282 
92379 
92488 
92581 
92678 
92779 
92878 
92969 
93070 
93182 
93284 
93385 
93480 
93582 
93671 
93766 
93861 
93956 
94057 
94153 
94247 
94354 
94451 
94550 
94647 
94743 
94840 
94934 
95030 
95140 
95237 
95326 
95425 
95513 
95618 
95713 
95808 
95902 
95998 
96097 
96199 
96291 
96385 
96482 
96581 
96672 
96773 
96865 
96960 
97056 
97154 
97254 
97358 
97455 
97553 
97648 
97750 
97845 
97944 
98046 
98142 
98240 
98336 
98434 
98529 
98632 
98727 
98822 
98919 
99015 
99111 
99203 
99296 
99401 
99499 
99600 
99694 
99786 
99887 
99979 
100073 
100173 
100265 
100361 
100457 
100549 
100648 
100744 
100839 
100932 
101026 
101120 
101215 
101313 
101412 
101505 
101601 
101690 
101780 
101877 
101983 
102080 
102173 
102269 
102359 
102451 
102550 
102644 
102739 
102836 
102927 
103024 
103124 
103218 
103312 
103407 
103516 
103608 
103701 
103792 
103885 
103983 
104084 
104182 
104282 
104378 
104475 
104567 
104661 
104754 
104849 
104949 
105052 
105146 
105243 
105339 
105439 
105530 
105633 
105734 
105831 
105927 
106021 
106125 
106216 
106316 
106418 
106518 
106619 
106709 
106804 
106905 
107004 
107101 
107195 
107296 
107397 
107492 
107603 
107700 
107796 
107889 
107981 
108076 
108175 
108273 
108372 
108468 
108568 
108667 
108767 
108867 
108961 
109053 
109150 
109252 
109351 
109448 
109551 
109646 
109744 
109837 
109935 
110028 
110124 
110224 
110329 
110425 
110516 
110605 
110702 
110798 
110897 
110988 
111088 
111181 
111277 
111374 
111469 
111567 
111659 
111756 
111851 
111949 
112047 
112146 
112239 
112333 
112430 
112529 
112621 
112717 
112814 
112906 
112998 
113089 
113184 
113283 
113381 
113476 
113571 
113668 
113766 
113861 
113954 
114050 
114146 
114241 
114342 
114436 
114531 
114626 
114723 
114823 
114918 
115011 
115112 
115204 
115294 
115392 
115489 
115580 
115680 
115781 
115880 
115975 
116066 
116165 
116273 
116370 
116466 
116558 
116667 
116767 
116861 
116955 
117048 
117144 
117239 
117337 
117435 
117529 
117626 
117721 
117817 
117914 
118008 
118107 
118204 
118300 
118397 
118493 
118586 
118681 
118775 
118875 
118970 
119066 
119162 
119260 
119354 
119452 
119546 
119655 
119751 
119846 
119939 
120035 
120128 
120230 
120330 
120430 
120525 
120624 
120719 
120820 
120914 
121009 
121107 
121200 
121297 
121392 
121482 
121578 
121676 
121773 
121870 
121965 
122067 
122166 
122259 
122354 
122449 
122546 
122640 
122738 
122840 
122931 
123031 
123130 
123221 
123317 
123417 
123517 
123615 
123710 
123807 
123901 
124003 
124103 
124206 
124309 
124399 
124509 
124622 
124718 
124813 
124908 
125005 
125101 
125204 
125308 
125400 
125504 
125598 
125688 
125795 
125892 
125988 
126083 
126180 
126284 
126382 
126481 
126583 
126682 
126781 
126879 
126979 
127070 
127164 
127256 
127351 
127441 
127531 
127633 
127744 
127839 
127935 
128032 
128130 
128222 
128322 
128423 
128521 
128617 
128721 
128820 
128914 
129015 
129115 
129214 
129310 
129415 
129509 
129603 
129708 
129799 
129898 
130001 
130100 
130213 
130307 
130402 
130499 
130594 
130691 
130790 
130888 
130983 
131080 
131174 
131270 
131366 
131469 
131561 
131657 
131753 
131854 
131954 
132051 
132152 
132245 
132341 
132433 
132537 
132638 
132735 
132832 
132927 
133020 
133115 
133213 
133309 
133402 
133499 
133597 
133688 
133785 
133882 
133981 
134074 
134170 
134270 
134367 
134467 
134572 
134666 
134758 
134857 
134956 
135052 
135146 
135242 
135336 
135429 
135532 
135627 
135718 
135813 
135915 
136009 
136104 
136200 
136305 
136403 
136506 
136597 
136700 
136796 
136888 
136989 
137098 
137195 
137290 
137391 
137487 
137587 
137681 
137773 
137880 
137983 
138082 
138184 
138284 
138381 
138474 
138577 
138679 
138782 
138878 
138974 
139070 
139174 
139274 
139370 
139469 
139575 
139673 
139769 
139863 
139958 
140052 
140150 
140249 
140342 
140444 
140534 
140639 
140738 
140835 
140942 
141039 
141132 
141227 
141329 
141423 
141518 
141612 
141711 
141809 
141903 
141999 
142099 
142194 
142285 
142387 
142481 
142578 
142685 
142778 
142874 
142973 
143066 
143163 
143266 
143366 
143460 
143553 
143655 
143757 
143854 
143947 
144043 
144137 
144234 
144330 
144425 
144523 
144632 
144724 
144816 
144914 
145014 
145111 
145213 
145309 
145415 
145515 
145615 
145723 
145820 
145915 
146020 
146114 
146212 
146307 
146407 
146501 
146599 
146693 
146786 
146888 
146982 
147077 
147170 
147268 
147367 
147466 
147563 
147658 
147763 
147859 
147956 
148046 
148143 
148247 
148343 
148436 
148539 
148640 
148732 
148823 
148927 
149021 
149116 
149211 
149308 
149401 
149496 
149595 
149697 
149790 
149888 
149991 
150091 
150188 
150287 
150383 
150482 
150582 
150688 
150789 
150888 
150979 
151074 
151167 
151261 
151358 
151460 
151552 
151654 
151750 
151849 
151947 
152047 
152138 
152231 
152323 
152420 
152515 
152615 
152707 
152798 
152893 
152989 
153083 
153175 
153265 
153370 
153460 
153560 
153654 
153759 
153855 
153954 
154047 
154140 
154240 
154338 
154433 
154530 
154633 
154735 
154837 
154934 
155031 
155132 
155237 
155338 
155434 
155532 
155630 
155724 
155817 
155908 
156003 
156110 
156210 
156304 
156406 
156505 
156605 
156701 
156801 
156902 
156995 
157090 
157185 
157283 
157375 
157471 
157573 
157668 
157754 
157848 
157942 
158039 
158140 
158236 
158336 
158431 
158524 
158626 
158734 
158837 
158937 
159026 
159117 
159220 
159313 
159407 
159511 
159612 
159711 
159806 
159900 
159992 
160092 
160192 
160288 
160383 
160478 
160571 
160666 
160762 
160858 
160954 
161052 
161151 
161244 
161339 
161435 
161533 
161629 
161723 
161818 
161913 
162009 
162104 
162202 
162301 
162400 
162502 
162600 
162704 
162802 
162894 
162988 
163087 
163186 
163284 
163382 
163483 
163577 
163673 
163769 
163864 
163962 
164056 
164154 
164250 
164341 
164436 
164539 
164635 
164747 
164837 
164937 
165034 
165127 
165225 
165324 
165419 
165512 
165612 
165702 
165794 
165891 
165987 
166091 
166182 
166280 
166372 
166467 
166565 
166657 
166746 
166844 
166951 
167046 
167136 
167226 
167326 
167419 
167508 
167600 
167696 
167794 
167893 
167990 
168085 
168178 
168277 
168375 
168471 
168568 
168662 
168757 
168856 
168954 
169056 
169155 
169248 
169347 
169440 
169535 
169631 
169730 
169824 
169920 
170015 
170106 
170201 
170296 
170391 
170485 
170587 
170684 
170778 
170873 
170968 
171066 
171163 
171259 
171356 
171459 
171552 
171644 
171740 
171846 
171942 
172033 
172130 
172224 
172324 
172417 
172510 
172606 
172699 
172787 
172886 
172983 
173076 
173169 
173265 
173358 
173457 
173555 
173649 
173749 
173842 
173940 
174038 
174136 
174231 
174331 
174428 
174520 
174625 
174726 
174822 
174919 
175013 
175107 
175202 
175300 
175395 
175489 
175588 
175683 
175777 
175870 
175971 
176065 
176160 
176255 
176352 
176448 
176537 
176634 
176733 
176827 
176917 
177017 
177126 
177231 
177330 
177427 
177527 
177623 
177722 
177819 
177914 
178008 
178112 
178211 
178308 
178417 
178516 
178615 
178712 
178813 
178909 
179005 
179108 
179210 
179311 
179408 
179504 
179601 
179700 
179797 
179893 
179990 
180082 
180182 
180285 
180384 
180480 
180580 
180679 
180779 
180874 
180973 
181069 
181174 
181270 
181364 
181457 
181555 
181644 
181740 
181842 
181946 
182044 
182140 
182238 
182331 
182428 
182534 
182631 
182726 
182820 
182919 
183020 
183121 
183220 
183313 
183405 
183507 
183609 
183701 
183794 
183895 
183995 
184095 
184200 
184303 
184402 
184497 
184590 
184686 
184783 
184874 
184974 
185071 
185164 
185257 
185352 
185446 
185540 
185635 
185731 
185822 
185915 
186009 
186113 
186214 
186312 
186405 
186504 
186601 
186705 
186802 
186901 
186998 
187092 
187202 
187300 
187397 
187487 
187579 
187671 
187765 
187870 
187973 
188067 
188161 
188258 
188353 
188450 
188547 
188645 
188748 
188851 
188947 
189043 
189135 
189234 
189326 
189421 
189521 
189614 
189710 
189803 
189904 
190000 
190092 
190186 
190278 
190370 
190470 
190567 
190663 
190756 
190859 
190958 
191052 
191150 
191245 
191354 
191450 
191548 
191643 
191739 
191840 
191939 
192034 
192123 
192217 
192316 
192407 
192508 
192608 
192704 
192798 
192894 
192995 
193090 
193189 
193285 
193384 
193483 
193579 
193680 
193781 
193880 
193981 
194076 
194169 
194263 
194364 
194455 
194553 
194650 
194746 
194841 
194938 
195029 
195119 
195208 
195306 
195406 
195500 
195589 
195685 
195781 
195877 
195973 
196070 
196164 
196259 
196354 
196459 
196560 
196661 
196758 
196858 
196957 
197054 
197147 
197240 
197337 
197433 
197525 
197618 
197714 
197810 
197911 
198015 
198110 
198200 
198294 
198390 
198479 
198580 
198673 
198771 
198870 
198978 
199090 
199193 
199288 
199386 
199479 
199582 
199687 
199786 
199896 
200005 
200100 
200199 
200294 
200393 
200496 
200605 
200698 
200797 
200890 
200986 
201080 
201179 
201277 
201375 
201471 
201566 
201661 
201754 
201848 
201944 
202039 
202134 
202227 
202322 
202411 
202501 
202596 
202692 
202788 
202880 
202967 
203063 
203155 
203243 
203349 
203455 
203556 
203655 
203750 
203847 
203937 
204034 
204125 
204217 
204313 
204417 
204512 
204610 
204704 
204797 
204893 
204985 
205079 
205175 
205277 
205368 
205474 
205573 
205669 
205774 
205871 
205964 
206061 
206160 
206263 
206362 
206460 
206553 
206653 
206746 
206854 
206953 
207045 
207143 
207239 
207340 
207435 
207529 
207623 
207715 
207819 
207912 
208004 
208099 
208194 
208282 
208373 
208465 
208559 
208655 
208751 
208846 
208938 
209033 
209131 
209223 
209320 
209418 
209515 
209611 
209707 
209801 
209893 
209988 
210080 
210173 
210264 
210358 
210462 
210559 
210656 
210743 
210840 
210940 
211032 
211127 
211227 
211328 
211432 
211523 
211624 
211721 
211814 
211908 
212002 
212100 
212199 
212304 
212395 
212496 
212599 
212700 
212812 
212904 
212998 
213091 
213182 
213278 
213378 
213475 
213571 
213659 
213748 
213846 
213938 
214038 
214134 
214223 
214318 
214412 
214506 
214595 
214688 
214789 
214883 
214978 
215069 
215155 
215262 
215358 
215448 
215540 
215638 
215737 
215835 
215930 
216029 
216120 
216209 
216300 
216402 
216500 
216594 
216684 
216785 
216878 
216971 
217060 
217150 
217248 
217343 
217437 
217533 
217625 
217719 
217810 
217910 
218003 
218097 
218193 
218289 
218393 
218489 
218580 
218675 
218767 
218861 
218954 
219051 
219149 
219243 
219337 
219433 
219526 
219623 
219718 
219813 
219923 
220018 
220112 
220206 
220297 
220390 
220489 
220580 
220670 
220763 
220855 
220952 
221042 
221137 
221235 
221335 
221425 
221521 
221617 
221714 
221802 
221891 
221990 
222083 
222175 
222272 
222368 
222457 
222550 
222648 
222742 
222836 
222938 
223045 
223140 
223229 
223322 
223419 
223516 
223611 
223708 
223801 
223898 
223990 
224083 
224187 
224284 
224382 
224473 
224567 
224662 
224763 
224862 
224957 
225045 
225132 
225231 
225326 
225421 
225511 
225615 
225709 
225804 
225906 
226003 
226103 
226204 
226295 
226394 
226487 
226582 
226686 
226785 
226879 
226974 
227072 
227170 
227266 
227363 
227453 
227545 
227636 
227736 
227837 
227933 
228054 
228155 
228250 
228348 
228443 
228536 
228626 
228715 
228809 
228902 
228996 
229097 
229199 
229306 
229402 
229488 
229580 
229685 
229784 
229880 
229981 
230075 
230167 
230260 
230351 
230443 
230536 
230632 
230719 
230814 
230906 
231003 
231093 
231185 
231281 
231371 
231467 
231569 
231673 
231777 
231866 
231955 
232046 
232151 
232248 
232342 
232438 
232534 
232631 
232722 
232819 
232910 
233007 
233115 
233208 
233300 
233385 
233479 
233575 
233669 
233765 
233867 
233968 
234063 
234155 
234249 
234347 
234447 
234538 
234635 
234728 
234824 
234921 
235013 
235110 
235210 
235309 
235406 
235500 
235596 
235695 
235796 
235891 
235981 
236072 
236168 
236259 
236353 
236449 
236538 
236632 
236731 
236831 
236925 
237022 
237115 
237204 
237293 
237386 
237482 
237578 
237669 
237768 
237868 
237966 
238056 
238147 
238242 
238339 
238427 
238524 
238617 
238718 
238815 
238914 
239009 
239100 
239195 
239288 
239384 
239471 
239567 
239662 
239763 
239863 
239963 
240055 
240152 
240246 
240346 
240441 
240537 
240638 
240734 
240827 
240924 
241024 
241121 
241219 
241307 
241402 
241498 
241596 
241694 
241794 
241886 
241982 
242081 
242179 
242267 
242355 
242450 
242546 
242641 
242734 
242831 
242931 
243030 
243133 
243228 
243316 
243409 
243504 
243601 
243696 
243792 
243887 
243981 
244075 
244167 
244262 
244359 
244459 
244562 
244659 
244753 
244856 
244948 
245043 
245141 
245238 
245339 
245438 
245536 
245634 
245731 
245823 
245918 
246019 
246119 
246222 
246314 
246407 
246503 
246602 
246699 
246798 
246899 
246987 
247078 
247166 
247262 
247359 
247455 
247553 
247647 
247744 
247842 
247936 
248034 
248124 
248219 
248316 
248409 
248510 
248610 
248709 
248808 
248898 
248995 
249088 
249181 
249274 
249368 
249464 
249559 
249658 
249750 
249846 
249943 
250033 
250121 
250214 
250307 
250406 
250500 
250594 
250692 
250788 
250886 
250982 
251081 
251177 
251273 
251373 
251466 
251559 
251659 
251753 
251849 
251942 
252037 
252133 
252221 
252319 
252416 
252510 
252603 
252701 
252797 
252888 
252986 
253082 
253178 
253269 
253366 
253460 
253559 
253658 
253753 
253848 
253946 
254047 
254142 
254234 
254326 
254413 
254506 
254598 
254696 
254794 
254901 
254999 
255098 
255196 
255287 
255377 
255472 
255564 
255657 
255754 
255846 
255946 
256042 
256136 
256233 
256326 
256420 
256514 
256608 
256707 
256806 
256900 
256985 
257081 
257176 
257272 
257364 
257457 
257548 
257643 
257736 
257829 
257916 
258012 
258105 
258198 
258291 
258388 
258482 
258581 
258672 
258779 
258876 
258970 
259066 
259161 
259256 
259348 
259440 
259536 
259631 
259730 
259824 
259925 
260041 
260129 
260222 
260319 
260412 
260509 
260605 
260700 
260792 
260884 
260976 
261075 
261178 
261275 
261371 
261471 
261565 
261659 
261757 
261856 
261953 
262045 
262139 
262236 
262334 
262431 
262524 
262623 
262728 
262826 
262921 
263019 
263105 
263198 
263294 
263391 
263489 
263582 
263680 
263778 
263878 
263971 
264065 
264163 
264256 
264352 
264445 
264539 
264632 
264729 
264834 
264931 
265020 
265121 
265218 
265313 
265407 
265504 
265595 
265688 
265783 
265878 
265978 
266076 
266169 
266271 
266365 
266456 
266555 
266650 
266743 
266833 
266928 
267026 
267119 
267217 
267313 
267407 
267500 
267596 
267683 
267776 
267865 
267961 
268061 
268160 
268252 
268345 
268440 
268533 
268629 
268727 
268819 
268918 
269013 
269111 
269207 
269304 
269402 
269495 
269587 
269682 
269776 
269870 
269964 
270058 
270153 
270250 
270348 
270440 
270536 
270633 
270727 
270826 
270923 
271020 
271119 
271223 
271318 
271414 
271508 
271598 
271691 
271783 
271877 
271969 
272064 
272162 
272259 
272352 
272448 
272545 
272649 
272748 
272842 
272940 
273037 
273133 
273233 
273329 
273427 
273529 
273623 
273734 
273831 
273926 
274024 
274120 
274213 
274306 
274405 
274501 
274598 
274693 
274790 
274886 
274979 
275076 
275173 
275263 
275359 
275452 
275551 
275645 
275738 
275833 
275925 
276020 
276115 
276211 
276316 
276416 
276508 
276601 
276700 
276801 
276898 
276995 
277089 
277190 
277285 
277384 
277479 
277582 
277679 
277770 
277861 
277956 
278053 
278149 
278238 
278332 
278426 
278521 
278615 
278713 
278806 
278904 
278998 
279095 
279191 
279285 
279381 
279476 
279571 
279664 
279759 
279853 
279954 
280047 
280147 
280252 
280347 
280441 
280540 
280634 
280727 
280826 
280922 
281014 
281109 
281205 
281303 
281400 
281500 
281596 
281693 
281785 
281878 
281970 
282061 
282166 
282262 
282362 
282463 
282562 
282659 
282757 
282855 
282949 
283042 
283141 
283236 
283331 
283425 
283518 
283613 
283704 
283805 
283899 
283987 
284080 
284178 
284275 
284364 
284462 
284555 
284649 
284745 
284844 
284941 
285035 
285127 
285229 
285326 
285424 
285520 
285614 
285709 
285803 
285900 
285996 
286092 
286186 
286286 
286391 
286503 
286597 
286693 
286788 
286887 
286981 
287082 
287185 
287288 
287386 
287478 
287582 
287684 
287778 
287871 
287973 
288070 
288165 
288267 
288363 
288461 
288563 
288662 
288764 
288870 
288962 
289051 
289144 
289240 
289336 
289433 
289522 
289620 
289713 
289809 
289906 
290005 
290099 
290193 
290287 
290381 
290479 
290577 
290682 
290771 
290868 
290968 
291063 
291157 
291250 
291346 
291445 
291538 
291633 
291730 
291826 
291922 
292020 
292115 
292210 
292308 
292404 
292510 
292606 
292701 
292800 
292900 
293000 
293095 
293189 
293283 
293383 
293482 
293578 
293677 
293770 
293866 
293964 
294065 
294159 
294260 
294365 
294467 
294563 
294668 
294770 
294875 
294966 
295075 
295168 
295264 
295367 
295465 
295558 
295657 
295755 
295851 
295948 
296045 
296131 
296224 
296316 
296409 
296503 
296596 
296692 
296783 
296878 
296977 
297072 
297163 
297277 
297372 
297480 
297573 
297671 
297766 
297860 
297956 
298053 
298150 
298247 
298340 
298438 
298534 
298634 
298736 
298840 
298937 
299030 
299128 
299226 
299327 
299425 
299517 
299624 
299712 
299803 
299902 
299990 
300081 
300185 
300279 
300372 
300470 
300565 
300657 
300753 
300850 
300951 
301042 
301137 
301227 
301318 
301415 
301513 
301612 
301705 
301801 
301897 
301991 
302086 
302182 
302275 
302373 
302469 
302567 
302661 
302759 
302857 
302949 
303047 
303139 
303235 
303333 
303429 
303526 
303625 
303732 
303833 
303926 
304018 
304118 
304221 
304328 
304429 
304525 
304624 
304725 
304821 
304920 
305012 
305111 
305202 
305301 
305397 
305492 
305587 
305678 
305774 
305870 
305967 
306063 
306164 
306259 
306356 
306452 
306545 
306636 
306733 
306832 
306927 
307022 
307116 
307209 
307304 
307397 
307498 
307591 
307688 
307780 
307874 
307973 
308066 
308163 
308259 
308362 
308454 
308553 
308649 
308746 
308847 
308942 
309039 
309135 
309230 
309329 
309427 
309524 
309619 
309711 
309801 
309894 
309986 
310082 
310185 
310284 
310378 
310468 
310562 
310659 
310755 
310860 
310959 
311053 
311149 
311242 
311350 
311442 
311534 
311644 
311744 
311834 
311935 
312028 
312122 
312224 
312317 
312428 
312524 
312618 
312712 
312807 
312910 
313003 
313097 
313190 
313284 
313382 
313485 
313595 
313688 
313787 
313889 
313990 
314090 
314183 
314271 
314367 
314458 
314552 
314646 
314736 
314829 
314930 
315027 
315131 
315228 
315325 
315420 
315518 
315608 
315705 
315799 
315891 
315985 
316074 
316165 
316257 
316350 
316442 
316538 
316635 
316731 
316822 
316908 
317002 
317103 
317197 
317287 
317379 
317467 
317562 
317664 
317753 
317841 
317937 
318027 
318122 
318218 
318307 
318400 
318493 
318583 
318675 
318770 
318866 
318958 
319051 
319138 
319231 
319321 
319418 
319505 
319600 
319692 
319785 
319877 
319969 
320058 
320151 
320246 
320339 
320433 
320538 
320633 
320734 
320830 
320926 
321012 
321109 
321202 
321297 
321390 
321481 
321576 
321676 
321765 
321868 
321967 
322064 
322152 
322240 
322337 
322429 
322522 
322619 
322715 
322807 
322906 
323005 
323102 
323194 
323286 
323375 
323468 
323562 
323664 
323757 
323850 
323944 
324033 
324126 
324225 
324318 
324417 
324514 
324609 
324705 
324800 
324897 
324990 
325082 
325177 
325270 
325358 
325451 
325543 
325634 
325729 
325828 
325921 
326019 
326114 
326207 
326299 
326395 
326492 
326583 
326677 
326777 
326875 
326969 
327065 
327159 
327255 
327350 
327445 
327538 
327632 
327737 
327830 
327924 
328021 
328116 
328215 
328308 
328404 
328501 
328599 
328694 
328795 
328890 
328985 
329078 
329172 
329269 
329363 
329456 
329558 
329661 
329758 
329852 
329946 
330048 
330144 
330241 
330336 
330430 
330522 
330610 
330701 
330793 
330886 
330981 
331081 
331183 
331275 
331375 
331471 
331565 
331656 
331743 
331835 
331939 
332038 
332133 
332228 
332316 
332408 
332495 
332594 
332685 
332779 
332874 
332969 
333063 
333159 
333250 
333347 
333442 
333539 
333638 
333734 
333824 
333922 
334018 
334109 
334205 
334297 
334391 
334490 
334581 
334676 
334780 
334873 
334970 
335062 
335153 
335245 
335343 
335437 
335541 
335656 
335752 
335854 
335958 
336058 
336152 
336248 
336346 
336440 
336528 
336625 
336718 
336806 
336905 
337001 
337100 
337195 
337293 
337385 
337474 
337570 
337669 
337771 
337863 
337960 
338059 
338149 
338246 
338340 
338435 
338534 
338629 
338724 
338820 
338915 
339011 
339110 
339212 
339306 
339399 
339493 
339586 
339681 
339776 
339872 
339965 
340062 
340154 
340245 
340338 
340430 
340528 
340621 
340716 
340811 
340901 
340997 
341094 
341195 
341298 
341393 
341489 
341584 
341680 
341775 
341876 
341977 
342072 
342166 
342258 
342355 
342445 
342541 
342637 
342732 
342825 
342920 
343007 
343106 
343211 
343309 
343419 
343523 
343620 
343712 
343807 
343900 
343990 
344080 
344173 
344267 
344359 
344448 
344547 
344640 
344740 
344839 
344936 
345030 
345121 
345219 
345315 
345408 
345503 
345595 
345694 
345791 
345884 
345981 
346079 
346181 
346276 
346370 
346469 
346565 
346663 
346763 
346858 
346956 
347054 
347156 
347251 
347348 
347446 
347546 
347643 
347739 
347835 
347932 
348030 
348127 
348221 
348311 
348403 
348498 
348593 
348691 
348789 
348883 
348984 
349082 
349180 
349276 
349372 
349468 
349561 
349663 
349762 
349854 
349955 
350043 
350143 
350236 
350333 
350435 
350534 
350628 
350717 
350813 
350910 
351007 
351103 
351195 
351287 
351387 
351486 
351591 
351691 
351795 
351895 
351985 
352075 
352170 
352266 
352354 
352452 
352550 
352647 
352743 
352843 
352942 
353037 
353134 
353230 
353329 
353432 
353528 
353625 
353726 
353823 
353919 
354015 
354118 
354217 
354321 
354419 
354516 
354610 
354708 
354801 
354899 
354994 
355090 
355184 
355277 
355377 
355473 
355577 
355670 
355771 
355866 
355956 
356053 
356151 
356247 
356345 
356444 
356545 
356641 
356737 
356836 
356931 
357028 
357131 
357231 
357331 
357422 
357521 
357615 
357711 
357813 
357909 
358005 
358101 
358189 
358291 
358387 
358479 
358575 
358676 
358782 
358881 
358974 
359066 
359162 
359258 
359356 
359454 
359549 
359643 
359748 
359846 
359943 
360040 
360146 
360240 
360335 
360432 
360542 
360641 
360741 
360838 
360936 
361039 
361135 
361243 
361346 
361446 
361543 
361640 
361734 
361831 
361924 
362015 
362113 
362210 
362306 
362405 
362502 
362594 
362691 
362785 
362882 
362975 
363071 
363161 
363253 
363347 
363446 
363543 
363636 
363738 
363830 
363923 
364021 
364119 
364227 
364318 
364420 
364511 
364607 
364706 
364803 
364898 
364990 
365088 
365186 
365286 
365387 
365486 
365586 
365680 
365778 
365873 
365968 
366066 
366159 
366252 
366352 
366447 
366547 
366647 
366750 
366849 
366938 
367040 
367134 
367230 
367322 
367421 
367515 
367616 
367704 
367792 
367883 
367990 
368087 
368190 
368286 
368380 
368473 
368566 
368662 
368755 
368854 
368957 
369051 
369147 
369254 
369347 
369456 
369560 
369655 
369748 
369844 
369943 
370038 
370144 
370242 
370339 
370439 
370535 
370629 
370728 
370824 
370922 
371023 
371119 
371210 
371304 
371398 
371493 
371583 
371683 
371773 
371863 
371958 
372064 
372165 
372266 
372364 
372462 
372556 
372651 
372747 
372844 
372936 
373027 
373116 
373210 
373304 
373402 
373502 
373598 
373688 
373784 
373880 
373967 
374062 
374155 
374253 
374343 
374441 
374545 
374645 
374743 
374838 
374936 
375029 
375124 
375222 
375318 
375414 
375515 
375607 
375709 
375802 
375898 
375992 
376081 
376175 
376265 
376359 
376463 
376563 
376663 
376757 
376849 
376948 
377043 
377137 
377231 
377323 
377414 
377515 
377610 
377700 
377791 
377879 
377970 
378064 
378156 
378254 
378359 
378463 
378556 
378648 
378747 
378838 
378934 
379034 
379128 
379218 
379322 
379419 
379513 
379609 
379700 
379795 
379893 
379994 
380086 
380172 
380266 
380370 
380475 
380581 
380674 
380776 
380865 
380955 
381052 
381146 
381242 
381340 
381435 
381526 
381622 
381720 
381813 
381914 
382010 
382104 
382202 
382299 
382401 
382497 
382594 
382684 
382779 
382878 
382979 
383084 
383178 
383273 
383366 
383468 
383562 
383657 
383751 
383850 
383946 
384040 
384136 
384232 
384331 
384426 
384523 
384625 
384719 
384810 
384903 
384998 
385094 
385187 
385282 
385376 
385467 
385564 
385662 
385759 
385854 
385947 
386038 
386132 
386229 
386328 
386429 
386521 
386623 
386721 
386814 
386911 
387001 
387092 
387190 
387289 
387384 
387480 
387591 
387689 
387784 
387886 
387989 
388091 
388186 
388290 
388404 
388500 
388600 
388691 
388782 
388887 
388978 
389073 
389176 
389270 
389366 
389457 
389559 
389651 
389750 
389844 
389935 
390030 
390124 
390225 
390321 
390417 
390519 
390617 
390710 
390803 
390907 
391006 
391120 
391220 
391320 
391415 
391513 
391605 
391700 
391795 
391892 
391989 
392086 
392178 
392270 
392371 
392470 
392568 
392664 
392760 
392857 
392957 
393054 
393150 
393248 
393342 
393445 
393544 
393635 
393729 
393827 
393923 
394014 
394103 
394194 
394283 
394374 
394463 
394560 
394659 
394751 
394840 
394934 
395028 
395126 
395224 
395314 
395409 
395509 
395610 
395708 
395804 
395899 
395999 
396088 
396178 
396278 
396374 
396473 
396570 
396662 
396759 
396852 
396945 
397034 
397136 
397235 
397332 
397423 
397521 
397613 
397710 
397802 
397897 
397995 
398091 
398177 
398275 
398370 
398468 
398563 
398661 
398760 
398849 
398945 
399042 
399137 
399232 
399333 
399427 
399519 
399614 
399714 
399802 
399898 
399997 
400093 
400186 
400279 
400373 
400467 
400564 
400657 
400777 
400870 
400963 
401059 
401153 
401253 
401349 
401447 
401543 
401641 
401736 
401839 
401934 
402031 
402129 
402221 
402314 
402407 
402496 
402585 
402678 
402771 
402862 
402956 
403054 
403149 
403244 
403340 
403435 
403534 
403629 
403720 
403807 
403900 
403992 
404085 
404175 
404274 
404371 
404467 
404566 
404665 
404755 
404855 
404954 
405050 
405150 
405242 
405334 
405434 
405530 
405623 
405718 
405814 
405910 
406010 
406099 
406194 
406285 
406376 
406478 
406576 
406673 
406772 
406878 
406978 
407076 
407170 
407265 
407366 
407462 
407555 
407657 
407754 
407843 
407938 
408032 
408129 
408229 
408323 
408422 
408517 
408615 
408707 
408796 
408888 
408983 
409079 
409175 
409272 
409367 
409466 
409562 
409655 
409747 
409843 
409936 
410032 
410130 
410227 
410315 
410404 
410497 
410594 
410691 
410792 
410883 
410980 
411072 
411164 
411259 
411352 
411446 
411544 
411635 
411730 
411822 
411917 
412010 
412104 
412198 
412299 
412406 
412500 
412595 
412690 
412784 
412876 
412967 
413058 
413150 
413240 
413330 
413426 
413520 
413615 
413710 
413807 
413899 
413992 
414086 
414180 
414274 
414363 
414456 
414549 
414642 
414738 
414829 
414920 
415017 
415118 
415216 
415310 
415404 
415505 
415608 
415716 
415813 
415906 
416002 
416100 
416197 
416294 
416387 
416486 
416588 
416686 
416779 
416882 
416978 
417072 
417172 
417268 
417368 
417457 
417559 
417654 
417755 
417859 
417958 
418062 
418158 
418259 
418358 
418456 
418554 
418652 
418742 
418838 
418932 
419032 
419126 
419219 
419322 
419417 
419509 
419605 
419705 
419797 
419895 
419995 
420109 
420205 
420294 
420392 
420493 
420587 
420683 
420776 
420876 
420967 
421058 
421151 
421250 
421351 
421446 
421540 
421635 
421732 
421824 
421917 
422014 
422107 
422206 
422304 
422399 
422495 
422596 
422693 
422793 
422892 
422987 
423087 
423181 
423280 
423377 
423473 
423568 
423663 
423759 
423870 
423965 
424057 
424156 
424251 
424344 
424442 
424536 
424630 
424722 
424814 
424911 
425010 
425109 
425206 
425307 
425407 
425502 
425607 
425702 
425804 
425905 
425998 
426099 
426195 
426293 
426390 
426482 
426580 
426673 
426766 
426856 
426953 
427049 
427143 
427238 
427335 
427433 
427533 
427640 
427725 
427825 
427922 
428016 
428116 
428212 
428304 
428400 
428494 
428596 
428688 
428786 
428877 
428976 
429073 
429172 
429274 
429371 
429466 
429562 
429659 
429771 
429866 
429956 
430055 
430161 
430254 
430368 
430470 
430562 
430664 
430758 
430865 
430959 
431052 
431148 
431247 
431343 
431435 
431526 
431619 
431713 
431807 
431908 
431996 
432090 
432188 
432291 
432383 
432474 
432573 
432680 
432781 
432881 
432972 
433065 
433166 
433266 
433361 
433456 
433560 
433655 
433747 
433847 
433943 
434042 
434134 
434221 
434317 
434416 
434512 
434610 
434704 
434801 
434909 
435002 
435098 
435190 
435275 
435367 
435463 
435556 
435649 
435752 
435854 
435946 
436038 
436130 
436229 
436326 
436418 
436509 
436603 
436702 
436802 
436906 
437011 
437102 
437199 
437291 
437395 
437495 
437587 
437678 
437779 
437879 
437981 
438078 
438175 
438274 
438370 
438466 
438564 
438663 
438763 
438853 
438954 
439044 
439144 
439236 
439333 
439426 
439522 
439622 
439733 
439837 
439938 
440035 
440131 
440227 
440322 
440422 
440520 
440612 
440711 
440810 
440914 
441004 
441098 
441198 
441287 
441381 
441471 
441561 
441654 
441751 
441840 
441948 
442043 
442137 
442233 
442332 
442428 
442523 
442618 
442732 
442827 
442920 
443013 
443111 
443203 
443298 
443392 
443484 
443579 
443678 
443770 
443864 
443961 
444060 
444156 
444257 
444354 
444449 
444542 
444633 
444731 
444825 
444928 
445016 
445115 
445211 
445306 
445403 
445488 
445581 
445682 
445782 
445881 
445983 
446078 
446172 
446270 
446369 
446462 
446556 
446651 
446751 
446843 
446945 
447039 
447139 
447237 
447330 
447420 
447518 
447618 
447711 
447809 
447908 
448003 
448093 
448187 
448288 
448381 
448478 
448568 
448661 
448761 
448863 
448959 
449057 
449157 
449254 
449352 
449448 
449550 
449644 
449743 
449840 
449935 
450033 
450138 
450235 
450327 
450429 
450524 
450629 
450728 
450823 
450930 
451026 
451121 
451214 
451307 
451399 
451501 
451595 
451693 
451785 
451879 
451982 
452078 
452187 
452286 
452385 
452478 
452572 
452669 
452761 
452854 
452955 
453052 
453147 
453241 
453336 
453436 
453536 
453631 
453726 
453823 
453917 
454010 
454107 
454203 
454301 
454394 
454495 
454595 
454693 
454786 
454889 
454990 
455091 
455200 
455297 
455396 
455493 
455583 
455697 
455800 
455900 
456001 
456099 
456193 
456291 
456388 
456482 
456583 
456680 
456773 
456867 
456964 
457057 
457151 
457242 
457339 
457435 
457533 
457633 
457732 
457826 
457922 
458018 
458117 
458208 
458303 
458407 
458515 
458612 
458710 
458808 
458908 
459005 
459101 
459192 
459288 
459386 
459481 
459574 
459671 
459768 
459861 
459955 
460049 
460143 
460242 
460346 
460436 
460539 
460640 
460752 
460851 
460943 
461042 
461138 
461233 
461330 
461427 
461524 
461619 
461710 
461807 
461908 
462003 
462103 
462196 
462307 
462404 
462503 
462603 
462701 
462794 
462887 
462987 
463085 
463183 
463284 
463376 
463480 
463584 
463683 
463779 
463876 
463987 
464082 
464199 
464300 
464394 
464487 
464582 
464682 
464779 
464872 
464961 
465051 
465142 
465232 
465324 
465418 
465514 
465609 
465707 
465805 
465901 
466000 
466094 
466186 
466277 
466376 
466467 
466563 
466668 
466763 
466864 
466963 
467059 
467163 
467258 
467356 
467449 
467542 
467638 
467731 
467823 
467919 
468011 
468105 
468201 
468306 
468405 
468500 
468595 
468689 
468783 
468878 
468976 
469070 
469164 
469261 
469362 
469456 
469549 
469650 
469749 
469842 
469935 
470031 
470130 
470234 
470336 
470429 
470527 
470624 
470717 
470813 
470916 
471012 
471108 
471208 
471314 
471413 
471513 
471614 
471710 
471809 
471907 
472012 
472115 
472219 
472321 
472419 
472517 
472614 
472711 
472811 
472912 
473009 
473105 
473209 
473304 
473405 
473514 
473613 
473712 
473811 
473912 
474009 
474107 
474212 
474307 
474401 
474506 
474600 
474694 
474791 
474887 
474981 
475079 
475184 
475282 
475380 
475478 
475578 
475673 
475767 
475861 
475960 
476049 
476146 
476242 
476337 
476433 
476527 
476622 
476718 
476815 
476914 
477015 
477106 
477199 
477296 
477395 
477496 
477589 
477686 
477785 
477880 
477976 
478073 
478170 
478263 
478356 
478454 
478550 
478651 
478745 
478837 
478930 
479028 
479124 
479224 
479317 
479411 
479506 
479606 
479702 
479793 
479888 
479985 
480081 
480183 
480276 
480371 
480466 
480566 
480664 
480759 
480850 
480949 
481043 
481141 
481241 
481338 
481442 
481539 
481636 
481728 
481819 
481907 
481998 
482087 
482177 
482270 
482373 
482459 
482562 
482665 
482767 
482861 
482962 
483066 
483162 
483256 
483349 
483444 
483548 
483646 
483745 
483847 
483939 
484038 
484134 
484238 
484335 
484434 
484528 
484625 
484728 
484822 
484921 
485020 
485121 
485223 
485319 
485418 
485515 
485615 
485712 
485807 
485902 
486002 
486107 
486204 
486306 
486403 
486503 
486600 
486700 
486794 
486887 
486981 
487072 
487166 
487266 
487360 
487457 
487553 
487648 
487744 
487836 
487933 
488034 
488134 
488239 
488334 
488432 
488536 
488635 
488732 
488835 
488930 
489033 
489132 
489227 
489328 
489425 
489522 
489615 
489708 
489805 
489903 
490003 
490098 
490188 
490286 
490379 
490477 
490574 
490674 
490767 
490859 
490956 
491054 
491154 
491254 
491354 
491464 
491559 
491655 
491749 
491843 
491934 
492032 
492127 
492226 
492328 
492423 
492522 
492619 
492713 
492807 
492906 
493003 
493098 
493195 
493285 
493386 
493488 
493586 
493687 
493783 
493878 
493968 
494066 
494163 
494256 
494354 
494452 
494549 
494648 
494742 
494837 
494933 
495030 
495127 
495221 
495313 
495407 
495504 
495602 
495699 
495797 
495892 
495992 
496088 
496187 
496284 
496384 
496482 
496578 
496673 
496770 
496868 
496967 
497067 
497161 
497248 
497346 
497443 
497536 
497635 
497744 
497837 
497930 
498025 
498123 
498218 
498315 
498411 
498510 
498603 
498704 
498800 
498894 
498988 
499083 
499182 
499277 
499374 
499467 
499563 
499655 
499755 
499853 
499959 
500052 
500151 
500250 
500348 
500448 
500548 
500647 
500745 
500838 
500929 
501035 
501135 
501231 
501324 
501428 
501527 
501620 
501723 
501810 
501901 
502001 
502100 
502191 
502294 
502398 
502485 
502583 
502687 
502779 
502874 
502968 
503071 
503178 
503290 
503380 
503474 
503570 
503666 
503759 
503854 
503953 
504058 
504155 
504251 
504349 
504450 
504550 
504644 
504749 
504839 
504931 
505029 
505126 
505220 
505312 
505418 
505509 
505615 
505718 
505811 
505904 
505996 
506091 
506187 
506286 
506383 
506479 
506573 
506672 
506764 
506862 
506948 
507047 
507146 
507239 
507336 
507424 
507514 
507611 
507711 
507803 
507908 
508006 
508110 
508202 
508303 
508407 
508502 
508602 
508695 
508792 
508889 
508987 
509087 
509185 
509283 
509377 
509476 
509571 
509665 
509761 
509854 
509950 
510055 
510160 
510259 
510357 
510453 
510551 
510651 
510747 
510838 
510935 
511028 
511122 
511220 
511317 
511419 
511523 
511620 
511717 
511812 
511911 
512004 
512098 
512199 
512293 
512389 
512481 
512578 
512686 
512782 
512879 
512969 
513068 
513162 
513269 
513367 
513464 
513559 
513650 
513740 
513835 
513954 
514047 
514157 
514256 
514351 
514454 
514550 
514642 
514735 
514832 
514926 
515018 
515112 
515204 
515295 
515387 
515485 
515584 
515679 
515773 
515863 
515963 
516062 
516165 
516262 
516356 
516451 
516553 
516654 
516751 
516850 
516950 
517048 
517143 
517239 
517337 
517434 
517527 
517626 
517729 
517828 
517920 
518019 
518109 
518208 
518304 
518400 
518499 
518599 
518695 
518786 
518874 
518976 
519071 
519167 
519263 
519364 
519450 
519540 
519636 
519734 
519824 
519919 
520008 
520100 
520194 
520287 
520386 
520474 
520572 
520663 
520751 
520850 
520948 
521036 
521130 
521229 
521334 
521428 
521529 
521631 
521729 
521823 
521921 
522020 
522110 
522209 
522306 
522394 
522490 
522589 
522685 
522785 
522882 
522977 
523071 
523166 
523259 
523356 
523449 
523539 
523638 
523734 
523824 
523918 
524010 
524102 
524196 
524292 
524384 
524477 
524576 
524675 
524771 
524865 
524957 
525046 
525140 
525230 
525328 
525427 
525527 
525634 
525727 
525821 
525918 
526010 
526102 
526198 
526299 
526393 
526487 
526584 
526684 
526781 
526880 
526981 
527083 
527184 
527277 
527372 
527469 
527565 
527662 
527759 
527850 
527950 
528051 
528146 
528242 
528341 
528436 
528536 
528633 
528730 
528832 
528928 
529022 
529121 
529216 
529312 
529404 
529502 
529606 
529703 
529796 
529892 
529990 
530087 
530191 
530287 
530383 
530484 
530581 
530678 
530778 
530872 
530965 
531062 
531158 
531255 
531350 
531455 
531547 
531658 
531758 
531862 
531972 
532066 
532161 
532262 
532358 
532455 
532555 
532648 
532742 
532839 
532943 
533038 
533134 
533231 
533326 
533415 
533511 
533609 
533708 
533803 
533902 
533995 
534083 
534176 
534271 
534363 
534460 
534570 
534679 
534773 
534870 
534969 
535066 
535166 
535279 
535370 
535463 
535565 
535671 
535768 
535867 
535970 
536068 
536165 
536266 
536365 
536464 
536559 
536652 
536746 
536844 
536940 
537034 
537136 
537231 
537326 
537424 
537522 
537617 
537718 
537815 
537905 
537999 
538090 
538184 
538283 
538379 
538475 
538565 
538664 
538761 
538869 
538966 
539067 
539166 
539268 
539366 
539470 
539569 
539673 
539775 
539872 
539983 
540074 
540183 
540282 
540378 
540473 
540565 
540672 
540769 
540865 
540967 
541071 
541178 
541281 
541378 
541473 
541573 
541669 
541764 
541862 
541956 
542053 
542146 
542250 
542358 
542456 
542555 
542654 
542752 
542850 
542949 
543045 
543147 
543247 
543351 
543442 
543539 
543637 
543730 
543834 
543930 
544031 
544125 
544222 
544320 
544423 
544521 
544622 
544723 
544821 
544927 
545029 
545128 
545227 
545322 
545422 
545522 
545621 
545719 
545821 
545919 
546016 
546114 
546212 
546309 
546411 
546503 
546596 
546685 
546787 
546884 
546982 
547077 
547174 
547269 
547374 
547464 
547565 
547664 
547763 
547858 
547954 
548055 
548158 
548258 
548359 
548462 
548561 
548660 
548758 
548858 
548951 
549048 
549145 
549250 
549347 
549446 
549555 
549652 
549746 
549854 
549955 
550056 
550159 
550253 
550353 
550452 
550552 
550651 
550749 
550853 
550947 
551039 
551140 
551240 
551350 
551451 
551545 
551644 
551736 
551830 
551930 
552027 
552137 
552232 
552323 
552420 
552516 
552610 
552709 
552810 
552910 
553012 
553111 
553214 
553313 
553408 
553509 
553602 
553700 
553802 
553900 
554002 
554103 
554200 
554292 
554392 
554492 
554589 
554693 
554790 
554890 
554989 
555091 
555190 
555287 
555383 
555480 
555580 
555679 
555786 
555883 
555983 
556083 
556198 
556303 
556399 
556499 
556600 
556703 
556802 
556905 
557004 
557110 
557210 
557310 
557405 
557509 
557608 
557708 
557809 
557906 
558003 
558105 
558206 
558306 
558413 
558522 
558627 
558730 
558831 
558928 
559029 
559130 
559231 
559326 
559425 
559529 
559639 
559741 
559836 
559935 
560033 
560132 
560233 
560332 
560426 
560523 
560615 
560715 
560811 
560904 
561004 
561120 
561214 
561316 
561412 
561510 
561618 
561713 
561826 
561935 
562032 
562127 
562226 
562322 
562422 
562521 
562617 
562720 
562816 
562909 
563003 
563099 
563194 
563298 
563400 
563498 
563592 
563689 
563781 
563886 
563986 
564084 
564176 
564276 
564375 
564475 
564578 
564677 
564775 
564873 
564970 
565068 
565167 
565272 
565378 
565483 
565582 
565684 
565779 
565877 
565979 
566074 
566179 
566276 
566370 
566472 
566569 
566666 
566759 
566851 
566949 
567062 
567158 
567253 
567347 
567437 
567531 
567639 
567742 
567839 
567933 
568032 
568128 
568226 
568320 
568416 
568509 
568605 
568704 
568799 
568894 
568995 
569088 
569183 
569279 
569375 
569478 
569571 
569666 
569760 
569853 
569949 
570050 
570149 
570248 
570356 
570454 
570546 
570639 
570737 
570829 
570928 
571025 
571118 
571210 
571307 
571398 
571494 
571598 
571697 
571790 
571888 
571979 
572076 
572174 
572268 
572367 
572462 
572556 
572661 
572762 
572855 
572952 
573043 
573130 
573220 
573313 
573411 
573506 
573603 
573698 
573797 
573892 
573985 
574084 
574173 
574269 
574370 
574464 
574558 
574651 
574743 
574837 
574927 
575014 
575106 
575200 
575299 
575394 
575490 
575581 
575678 
575770 
575866 
575960 
576051 
576147 
576246 
576343 
576438 
576540 
576632 
576731 
576831 
576930 
577025 
577116 
577212 
577307 
577399 
577500 
577594 
577697 
577798 
577892 
577980 
578075 
578170 
578270 
578366 
578478 
578568 
578668 
578771 
578867 
578965 
579059 
579152 
579252 
579354 
579449 
579543 
579635 
579734 
579833 
579926 
580019 
580118 
580215 
580310 
580404 
580504 
580599 
580693 
580782 
580883 
580977 
581073 
581171 
581272 
581365 
581463 
581557 
581655 
581757 
581858 
581958 
582055 
582147 
582249 
582346 
582448 
582542 
582639 
582732 
582833 
582929 
583025 
583121 
583216 
583310 
583404 
583503 
583604 
583707 
583812 
583907 
584001 
584100 
584201 
584292 
584382 
584479 
584571 
584675 
584776 
584878 
584977 
585070 
585168 
585273 
585373 
585467 
585562 
585661 
585760 
585854 
585952 
586047 
586144 
586239 
586331 
586424 
586527 
586624 
586721 
586823 
586924 
587023 
587114 
587207 
587303 
587398 
587486 
587585 
587677 
587777 
587875 
587971 
588068 
588168 
588267 
588371 
588466 
588574 
588666 
588761 
588859 
588954 
589050 
589147 
589241 
589339 
589432 
589530 
589626 
589726 
589832 
589929 
590023 
590125 
590225 
590320 
590415 
590506 
590602 
590698 
590789 
590885 
590980 
591076 
591174 
591269 
591362 
591454 
591545 
591640 
591745 
591839 
591932 
592026 
592125 
592225 
592321 
592418 
592517 
592616 
592713 
592805 
592901 
592998 
593097 
593197 
593298 
593390 
593485 
593575 
593672 
593770 
593862 
593958 
594053 
594154 
594250 
594349 
594447 
594540 
594636 
594732 
594831 
594925 
595018 
595118 
595214 
595311 
595407 
595504 
595598 
595697 
595792 
595884 
595982 
596078 
596168 
596261 
596354 
596449 
596545 
596639 
596730 
596830 
596924 
597024 
597118 
597217 
597319 
597418 
597515 
597614 
597719 
597816 
597906 
598005 
598094 
598183 
598271 
598367 
598459 
598555 
598646 
598741 
598835 
598930 
599029 
599127 
599222 
599319 
599417 
599512 
599606 
599696 
599791 
599889 
599984 
600079 
600173 
600271 
600362 
600457 
600559 
600654 
600749 
600841 
600941 
601034 
601134 
601235 
601327 
601422 
601526 
601626 
601722 
601814 
601916 
602023 
602115 
602212 
602311 
602404 
602500 
602594 
602688 
602799 
602899 
602990 
603087 
603183 
603283 
603381 
603478 
603580 
603676 
603775 
603877 
603971 
604065 
604162 
604261 
604354 
604448 
604547 
604646 
604741 
604838 
604935 
605035 
605129 
605222 
605321 
605419 
605519 
605615 
605716 
605814 
605914 
606018 
606123 
606223 
606314 
606407 
606504 
606598 
606700 
606795 
606895 
606994 
607089 
607183 
607277 
607372 
607470 
607568 
607664 
607777 
607878 
607974 
608076 
608174 
608275 
608371 
608466 
608563 
608657 
608761 
608861 
608954 
609052 
609147 
609247 
609343 
609444 
609535 
609640 
609736 
609832 
609933 
610038 
610135 
610232 
610333 
610429 
610530 
610622 
610726 
610822 
610922 
611017 
611111 
611206 
611308 
611415 
611519 
611610 
611703 
611805 
611906 
612005 
612107 
612209 
612308 
612411 
612507 
612615 
612712 
612810 
612906 
613003 
613104 
613206 
613306 
613407 
613502 
613603 
613694 
613793 
613888 
613985 
614080 
614194 
614296 
614398 
614496 
614593 
614692 
614797 
614899 
614998 
615095 
615195 
615296 
615395 
615494 
615589 
615689 
615783 
615882 
615984 
616084 
616179 
616275 
616367 
616464 
616562 
616658 
616757 
616859 
616958 
617055 
617152 
617246 
617339 
617443 
617542 
617647 
617751 
617851 
617954 
618050 
618148 
618248 
618344 
618441 
618535 
618629 
618731 
618820 
618916 
619010 
619105 
619205 
619300 
619392 
619498 
619597 
619709 
619812 
619907 
619999 
620093 
620186 
620284 
620377 
620470 
620565 
620658 
620755 
620850 
620947 
621036 
621133 
621228 
621322 
621419 
621506 
621602 
621693 
621802 
621905 
622000 
622099 
622199 
622302 
622406 
622505 
622601 
622705 
622804 
622901 
623001 
623102 
623200 
623296 
623388 
623480 
623572 
623666 
623770 
623870 
623959 
624056 
624158 
624249 
624340 
624435 
624528 
624621 
624711 
624812 
624906 
624997 
625097 
625189 
625289 
625376 
625480 
625575 
625666 
625762 
625859 
625958 
626054 
626156 
626253 
626354 
626453 
626556 
626650 
626741 
626843 
626935 
627028 
627124 
627226 
627326 
627429 
627533 
627627 
627729 
627820 
627914 
628005 
628099 
628195 
628291 
628382 
628475 
628570 
628672 
628769 
628865 
628967 
629067 
629159 
629262 
629360 
629454 
629554 
629653 
629746 
629839 
629930 
630025 
630117 
630211 
630303 
630390 
630485 
630574 
630672 
630763 
630855 
630956 
631052 
631138 
631225 
631315 
631413 
631503 
631597 
631697 
631789 
631882 
631983 
632077 
632178 
632266 
632360 
632459 
632549 
632639 
632740 
632830 
632922 
633014 
633105 
633194 
633292 
633391 
633483 
633584 
633681 
633778 
633876 
633971 
634068 
634169 
634262 
634352 
634450 
634555 
634654 
634750 
634845 
634940 
635032 
635127 
635223 
635321 
635418 
635533 
635635 
635731 
635829 
635925 
636027 
636121 
636214 
636313 
636414 
636506 
636603 
636708 
636817 
636920 
637024 
637115 
637216 
637308 
637400 
637494 
637595 
637701 
637799 
637902 
637991 
638089 
638190 
638283 
638375 
638470 
638563 
