1 1 -10
1 6 -9.81597
1 11 -9.35708
1 16 -8.90213
1 21 -8.45402
1 26 -8.0161
1 31 -7.59227
1 36 -7.18696
1 41 -6.80552
1 46 -6.45415
1 51 -6.13989
1 56 -5.87059
1 61 -5.65429
1 66 -5.49863
1 71 -5.40981
1 76 -5.39182
1 81 -5.44558
1 86 -5.5689
1 91 -5.75678
1 96 -6.00232
1 101 -6.2976
1 106 -6.63457
1 111 -7.00566
1 116 -7.40409
1 121 -7.82399
1 126 -8.26034
1 131 -8.7089
1 136 -9.16598
1 141 -9.62833
1 146 -10
6 1 -10
6 6 -9.81533
6 11 -9.35484
6 16 -8.89805
6 21 -8.44799
6 26 -8.00778
6 31 -7.58129
6 36 -7.17282
6 41 -6.78765
6 46 -6.43197
6 51 -6.11301
6 56 -5.83878
6 61 -5.61784
6 66 -5.45828
6 71 -5.36705
6 76 -5.34845
6 81 -5.40358
6 86 -5.52996
6 91 -5.72211
6 96 -5.97248
6 101 -6.27264
6 106 -6.61418
6 111 -6.98935
6 116 -7.3913
6 121 -7.81419
6 126 -8.25309
6 131 -8.70384
6 136 -9.16285
6 141 -9.62697
6 146 -10
11 1 -10
11 6 -9.81364
11 11 -9.3488
11 16 -8.88739
11 21 -8.43212
11 26 -7.98595
11 31 -7.5524
11 36 -7.13549
11 41 -6.74041
11 46 -6.37324
11 51 -6.04143
11 56 -5.7537
11 61 -5.51968
11 66 -5.34927
11 71 -5.25107
11 76 -5.23079
11 81 -5.28982
11 86 -5.42494
11 91 -5.62905
11 96 -5.89285
11 101 -6.20641
11 106 -6.56033
11 111 -6.94642
11 116 -7.35771
11 121 -7.7885
11 126 -8.23409
11 131 -8.69058
11 136 -9.15465
11 141 -9.62341
11 146 -10
16 1 -10
16 6 -9.81099
16 11 -9.33935
16 16 -8.87067
16 21 -8.40725
16 26 -7.95164
16 31 -7.50687
16 36 -7.07658
16 41 -6.66544
16 46 -6.27937
16 51 -5.92598
16 56 -5.61487
16 61 -5.35777
16 66 -5.16758
16 71 -5.05648
16 76 -5.033
16 81 -5.09934
16 86 -5.25054
16 91 -5.47622
16 96 -5.76357
16 101 -6.09999
16 106 -6.47456
16 111 -6.87847
16 116 -7.30479
16 121 -7.74814
16 126 -8.20429
16 131 -8.66979
16 136 -9.1418
16 141 -9.61782
16 146 -10
21 1 -10
21 6 -9.8075
21 11 -9.32698
21 16 -8.84876
21 21 -8.37468
21 26 -7.90662
21 31 -7.44698
21 36 -6.99874
21 41 -6.5657
21 46 -6.15317
21 51 -5.76854
21 56 -5.42233
21 61 -5.1289
21 66 -4.9062
21 71 -4.77315
21 76 -4.74418
21 81 -4.82307
21 86 -5.00129
21 91 -5.26179
21 96 -5.5855
21 101 -5.95576
21 106 -6.35977
21 111 -6.78835
21 116 -7.23502
21 121 -7.69513
21 126 -8.1652
21 131 -8.64257
21 136 -9.12498
21 141 -9.61051
21 146 -10
26 1 -10
26 6 -9.80338
26 11 -9.31233
26 16 -8.82289
26 21 -8.33604
26 26 -7.85322
26 31 -7.37589
26 36 -6.90589
26 41 -6.44582
26 46 -5.99953
26 51 -5.5733
26 56 -5.17762
26 61 -4.82951
26 66 -4.55442
26 71 -4.38394
26 76 -4.34527
26 81 -4.44611
26 86 -4.66948
26 91 -4.98459
26 96 -5.36157
26 101 -5.77837
26 106 -6.22084
26 111 -6.68044
26 116 -7.152
26 121 -7.63225
26 126 -8.11893
26 131 -8.61033
26 136 -9.10506
26 141 -9.60186
26 146 -10
31 1 -10
31 6 -9.79884
31 11 -9.29621
31 16 -8.79417
31 21 -8.29342
31 26 -7.79442
31 31 -7.29755
31 36 -6.80332
31 41 -6.31247
31 46 -5.82642
31 51 -5.34859
31 56 -4.88678
31 61 -4.45832
31 66 -4.09752
31 71 -3.8595
31 76 -3.80237
31 81 -3.94437
31 86 -4.2463
31 91 -4.64699
31 96 -5.09916
31 101 -5.57619
31 106 -6.06528
31 111 -6.56085
31 116 -7.06045
31 121 -7.56303
31 126 -8.06797
31 131 -8.5748
31 136 -9.08308
31 141 -9.59229
31 146 -10
36 1 -10
36 6 -9.79408
36 11 -9.27918
36 16 -8.7642
36 21 -8.24907
36 26 -7.73338
36 31 -7.21651
36 36 -6.69741
36 41 -6.1745
36 46 -5.64576
36 51 -5.10924
36 56 -4.56531
36 61 -4.02334
36 66 -3.51935
36 71 -3.14706
36 76 -3.04919
36 81 -3.27941
36 86 -3.72757
36 91 -4.26151
36 96 -4.81407
36 101 -5.36297
36 106 -5.90375
36 111 -6.4374
36 116 -6.96601
36 121 -7.49146
36 126 -8.01511
36 131 -8.53783
36 136 -9.06014
36 141 -9.5823
36 146 -10
41 1 -10
41 6 -9.78928
41 11 -9.2622
41 16 -8.73443
41 21 -8.20521
41 26 -7.67348
41 31 -7.1377
41 36 -6.59529
41 41 -6.04243
41 46 -5.47315
41 51 -4.87849
41 56 -4.24567
41 61 -3.55988
41 66 -2.82245
41 71 -2.14501
41 76 -1.93171
41 81 -2.39783
41 86 -3.1363
41 91 -3.86423
41 96 -4.53506
41 101 -5.15857
41 106 -5.74945
41 111 -6.31893
41 116 -6.87464
41 121 -7.42162
41 126 -7.96311
41 131 -8.50122
41 136 -9.03732
41 141 -9.57233
41 146 -10
46 1 -10
46 6 -9.78465
46 11 -9.24593
46 16 -8.70599
46 21 -8.16371
46 26 -7.61754
46 31 -7.06523
46 36 -6.5033
46 41 -5.92626
46 46 -5.32524
46 51 -4.68534
46 56 -3.98015
46 61 -3.16005
46 66 -2.12428
46 71 -0.689813
46 76 0
46 81 -1.32634
46 86 -2.58918
46 91 -3.52953
46 96 -4.3034
46 101 -4.98613
46 106 -5.61597
46 111 -6.21381
46 116 -6.79175
46 121 -7.35708
46 126 -7.91436
46 131 -8.46654
46 136 -9.01556
46 141 -9.56279
46 146 -10
51 1 -10
51 6 -9.78035
51 11 -9.23088
51 16 -8.67988
51 21 -8.12602
51 26 -7.5676
51 31 -7.0021
51 36 -6.42588
51 41 -5.83317
51 46 -5.21461
51 51 -4.55415
51 56 -3.82224
51 61 -2.95907
51 66 -1.82247
51 71 0
51 76 0
51 81 -0.863368
51 86 -2.34069
51 91 -3.34924
51 96 -4.1576
51 101 -4.86408
51 106 -5.51318
51 111 -6.12787
51 116 -6.72103
51 121 -7.30033
51 126 -7.87059
51 131 -8.43493
51 136 -8.99553
51 141 -9.55396
51 146 -10
56 1 -10
56 6 -9.77651
56 11 -9.21733
56 16 -8.65652
56 21 -8.0928
56 26 -7.52448
56 31 -6.94939
56 36 -6.36438
56 41 -5.76492
56 46 -5.14395
56 51 -4.49019
56 56 -3.785
56 61 -2.99782
56 66 -2.08711
56 71 -1.09382
56 76 -0.730251
56 81 -1.4895
56 86 -2.48366
56 91 -3.34858
56 96 -4.10653
56 101 -4.79636
56 106 -5.44334
56 111 -6.06268
56 116 -6.66373
56 121 -7.25239
56 126 -7.83257
56 131 -8.40699
56 136 -8.97763
56 141 -9.54603
56 146 -10
61 1 -10
61 6 -9.77307
61 11 -9.20533
61 16 -8.63606
61 21 -8.06408
61 26 -7.48803
61 31 -6.90633
61 36 -6.31699
61 41 -5.71754
61 46 -5.10495
61 51 -4.47574
61 56 -3.82714
61 61 -3.16257
61 66 -2.51266
61 71 -1.99462
61 76 -1.84935
61 81 -2.18063
61 86 -2.78241
61 91 -3.45347
61 96 -4.1211
61 101 -4.76993
61 106 -5.40021
61 111 -6.01528
61 116 -6.61851
61 121 -7.21273
61 126 -7.8002
61 131 -8.38276
61 136 -8.96193
61 141 -9.53903
61 146 -10
66 1 -10
66 6 -9.77006
66 11 -9.19482
66 16 -8.61824
66 21 -8.03935
66 26 -7.45719
66 31 -6.87086
66 36 -6.27961
66 41 -5.68322
66 46 -5.08264
66 51 -4.48139
66 56 -3.88849
66 61 -3.32512
66 66 -2.83623
66 71 -2.50264
66 76 -2.41987
66 81 -2.61985
66 86 -3.03517
66 91 -3.56936
66 96 -4.15634
66 101 -4.76238
66 106 -5.37224
66 111 -5.9796
66 116 -6.58222
66 121 -7.17975
66 126 -7.77269
66 131 -8.36188
66 136 -8.94829
66 141 -9.53291
66 146 -10
71 1 -10
71 6 -9.76743
71 11 -9.18564
71 16 -8.60271
71 21 -8.0179
71 26 -7.43057
71 31 -6.84038
71 36 -6.24755
71 41 -5.6535
71 46 -5.06187
71 51 -4.4804
71 56 -3.92409
71 61 -3.41961
71 66 -3.00927
71 71 -2.74853
71 76 -2.68739
71 81 -2.84038
71 86 -3.17572
71 91 -3.63783
71 96 -4.17528
71 101 -4.75228
71 106 -5.34737
71 111 -5.94893
71 116 -6.55113
71 121 -7.15142
71 126 -7.74894
71 131 -8.34377
71 136 -8.93642
71 141 -9.52758
71 146 -10
76 1 -10
76 6 -9.76512
76 11 -9.17761
76 16 -8.58911
76 21 -7.99904
76 26 -7.40693
76 31 -6.81272
76 36 -6.21706
76 41 -5.622
76 46 -5.03203
76 51 -4.45611
76 56 -3.91053
76 61 -3.42251
76 66 -3.03229
76 71 -2.78856
76 76 -2.73223
76 81 -2.87472
76 86 -3.19077
76 91 -3.63375
76 96 -4.15705
76 101 -4.7256
76 106 -5.31694
76 111 -5.91811
76 116 -6.52223
76 121 -7.12597
76 126 -7.72795
76 131 -8.32789
76 136 -8.92603
76 141 -9.52293
76 146 -10
81 1 -10
81 6 -9.7631
81 11 -9.17057
81 16 -8.57715
81 21 -7.98226
81 26 -7.38548
81 31 -6.7867
81 36 -6.18639
81 41 -5.58607
81 46 -4.9893
81 51 -4.40326
81 56 -3.84166
81 61 -3.32931
81 66 -2.9078
81 71 -2.63608
81 76 -2.57165
81 81 -2.73195
81 86 -3.07925
81 91 -3.55145
81 96 -4.09569
81 101 -4.67765
81 106 -5.27761
81 111 -5.88489
81 116 -6.49403
81 121 -7.10244
81 126 -7.7091
81 131 -8.31383
81 136 -8.91692
81 141 -9.51886
81 146 -10
86 1 -10
86 6 -9.76135
86 11 -9.16444
86 16 -8.56668
86 21 -7.96741
86 26 -7.36612
86 31 -6.7624
86 36 -6.15601
86 41 -5.54715
86 46 -4.93683
86 51 -4.32771
86 56 -3.72629
86 61 -3.14857
86 66 -2.63413
86 71 -2.26924
86 76 -2.1758
86 81 -2.39846
86 86 -2.84514
86 91 -3.40036
86 96 -3.99895
86 101 -4.61312
86 106 -5.23174
86 111 -5.85023
86 116 -6.46678
86 121 -7.08078
86 126 -7.69223
86 131 -8.30146
86 136 -8.90896
86 141 -9.51532
86 146 -10
91 1 -10
91 6 -9.75984
91 11 -9.15921
91 16 -8.55769
91 21 -7.9546
91 26 -7.34925
91 31 -6.74082
91 36 -6.1282
91 41 -5.50994
91 46 -4.88371
91 51 -4.24579
91 56 -3.59058
91 61 -2.91234
91 66 -2.22068
91 71 -1.61761
91 76 -1.43422
91 81 -1.84077
91 86 -2.51286
91 91 -3.2117
91 96 -3.88893
91 101 -4.54506
91 106 -5.18637
91 111 -5.81771
91 116 -6.44218
91 121 -7.06172
91 126 -7.67761
91 131 -8.29083
91 136 -8.90215
91 141 -9.51229
91 146 -10
96 1 -10
96 6 -9.75861
96 11 -9.15488
96 16 -8.55026
96 21 -7.94406
96 26 -7.33546
96 31 -6.72332
96 36 -6.10594
96 41 -5.48048
96 46 -4.84193
96 51 -4.1809
96 56 -3.47917
96 61 -2.69993
96 66 -1.76596
96 71 -0.547866
96 76 0
96 81 -1.07937
96 86 -2.18178
96 91 -3.04957
96 96 -3.80034
96 101 -4.49147
96 106 -5.15067
96 111 -5.79189
96 116 -6.42242
96 121 -7.04624
96 126 -7.66564
96 131 -8.28207
96 136 -8.89653
96 141 -9.50979
96 146 -10
101 1 -10
101 6 -9.75761
101 11 -9.1514
101 16 -8.54437
101 21 -7.93589
101 26 -7.32513
101 31 -6.71091
101 36 -6.09141
101 41 -5.46347
101 46 -4.82133
101 51 -4.15401
101 56 -3.4394
101 61 -2.62949
101 66 -1.6045
101 71 0
101 76 0
101 81 -0.759801
101 86 -2.07005
101 91 -2.99498
101 96 -3.76709
101 101 -4.4678
101 106 -5.13197
101 111 -5.77626
101 116 -6.40911
101 121 -7.03504
101 126 -7.65659
101 131 -8.27526
101 136 -8.89208
101 141 -9.50779
101 146 -10
106 1 -10
106 6 -9.75683
106 11 -9.14871
106 16 -8.53993
106 21 -7.92996
106 26 -7.31814
106 31 -6.7036
106 36 -6.08494
106 41 -5.45987
106 46 -4.82433
106 51 -4.17086
106 56 -3.48575
106 61 -2.74441
106 66 -1.91027
106 71 -1.01161
106 76 -0.680769
106 81 -1.37094
106 86 -2.2737
106 91 -3.07524
106 96 -3.79908
106 101 -4.47811
106 106 -5.13198
106 111 -5.77147
106 116 -6.40243
106 121 -7.02809
106 126 -7.65032
106 131 -8.27027
106 136 -8.88871
106 141 -9.50626
106 146 -10
111 1 -10
111 6 -9.75624
111 11 -9.14668
111 16 -8.53667
111 21 -7.92584
111 26 -7.31383
111 31 -6.70025
111 36 -6.08461
111 41 -5.46626
111 46 -4.84429
111 51 -4.21762
111 56 -3.58574
111 61 -2.95318
111 66 -2.34718
111 71 -1.87041
111 76 -1.7376
111 81 -2.04243
111 86 -2.59968
111 91 -3.23126
111 96 -3.87356
111 101 -4.5122
111 106 -5.14563
111 111 -5.77483
111 116 -6.40084
111 121 -7.02446
111 126 -7.64628
111 131 -8.26675
111 136 -8.88624
111 141 -9.50511
111 146 -10
116 1 -10
116 6 -9.75578
116 11 -9.14513
116 16 -8.53423
116 21 -7.92288
116 26 -7.31106
116 31 -6.69893
116 36 -6.08694
116 41 -5.4762
116 46 -4.86902
116 51 -4.2701
116 56 -3.68911
116 61 -3.14606
116 66 -2.68172
116 71 -2.3683
116 76 -2.29125
116 81 -2.47925
116 86 -2.87187
116 91 -3.38294
116 96 -3.95322
116 101 -4.55174
116 106 -5.16351
116 111 -5.78131
116 116 -6.40159
116 121 -7.02262
116 126 -7.64359
116 131 -8.26419
116 136 -8.88437
116 141 -9.50423
116 146 -10
121 1 -10
121 6 -9.7554
121 11 -9.14387
121 16 -8.53221
121 21 -7.92041
121 26 -7.30868
121 31 -6.69756
121 36 -6.0882
121 41 -5.48292
121 46 -4.88618
121 51 -4.3062
121 56 -3.75771
121 61 -3.26583
121 66 -2.86963
121 71 -2.61975
121 76 -2.56165
121 81 -2.70854
121 86 -3.03155
121 91 -3.48007
121 96 -4.00703
121 101 -4.57913
121 106 -5.1759
121 111 -5.78559
121 116 -6.40174
121 121 -7.02091
121 126 -7.64131
121 131 -8.26208
121 136 -8.88285
121 141 -9.50352
121 146 -10
126 1 -10
126 6 -9.75507
126 11 -9.14274
126 16 -8.53033
126 21 -7.91793
126 26 -7.30581
126 31 -6.69461
126 36 -6.08569
126 41 -5.48169
126 46 -4.88759
126 51 -4.31245
126 56 -3.77204
126 61 -3.2922
126 66 -2.91085
126 71 -2.67374
126 76 -2.61928
126 81 -2.75821
126 86 -3.0668
126 91 -3.50126
126 96 -4.01779
126 101 -4.58325
126 106 -5.17618
126 111 -5.78386
126 116 -6.39913
126 121 -7.01811
126 126 -7.63874
126 131 -8.26001
126 136 -8.88145
126 141 -9.50288
126 146 -10
131 1 -10
131 6 -9.75477
131 11 -9.14167
131 16 -8.52849
131 21 -7.91525
131 26 -7.30212
131 31 -6.68957
131 36 -6.07859
131 41 -5.47117
131 46 -4.87112
131 51 -4.2856
131 56 -3.72787
131 61 -3.22167
131 66 -2.80689
131 71 -2.54026
131 76 -2.47729
131 81 -2.63487
131 86 -2.97652
131 91 -3.44235
131 96 -3.98156
131 101 -4.56128
131 106 -5.16257
131 111 -5.77503
131 116 -6.39309
131 121 -7.0138
131 126 -7.63562
131 131 -8.25782
131 136 -8.88007
131 141 -9.50227
131 146 -10
136 1 -10
136 6 -9.7545
136 11 -9.1407
136 16 -8.52674
136 21 -7.9125
136 26 -7.29794
136 31 -6.68311
136 36 -6.06821
136 41 -5.45378
136 46 -4.84103
136 51 -4.23262
136 56 -3.63479
136 61 -3.06293
136 66 -2.55539
136 71 -2.19627
136 76 -2.10458
136 81 -2.32388
136 86 -2.76432
136 91 -3.31321
136 96 -3.90706
136 101 -4.51906
136 106 -5.13851
136 111 -5.76102
136 116 -6.38463
136 121 -7.00848
136 126 -7.63219
136 131 -8.25562
136 136 -8.87877
136 141 -9.50172
136 146 -10
141 1 -10
141 6 -9.75428
141 11 -9.13991
141 16 -8.52526
141 21 -7.91008
141 26 -7.29405
141 31 -6.67675
141 36 -6.05744
141 41 -5.43492
141 46 -4.80709
141 51 -4.17032
141 56 -3.51906
141 61 -2.84751
141 66 -2.16503
141 71 -1.57184
141 76 -1.39197
141 81 -1.79157
141 86 -2.45387
141 91 -3.14474
141 96 -3.81667
141 101 -4.47024
141 106 -5.11176
141 111 -5.74604
141 116 -6.376
141 121 -7.00334
141 126 -7.62905
141 131 -8.2537
141 136 -8.87768
141 141 -9.50126
141 146 -10
146 1 -10
146 6 -9.75415
146 11 -9.13943
146 16 -8.52432
146 21 -7.90848
146 26 -7.29142
146 31 -6.67231
146 36 -6.04975
146 41 -5.42115
146 46 -4.78172
146 51 -4.12228
146 56 -3.42488
146 61 -2.65327
146 66 -1.73172
146 71 -0.535033
146 76 0
146 81 -1.05668
146 86 -2.14229
146 91 -3.00013
146 96 -3.74493
146 101 -4.43311
146 106 -5.09196
146 111 -5.73518
146 116 -6.36988
146 121 -6.99979
146 126 -7.62693
146 131 -8.25243
146 136 -8.87697
146 141 -9.50097
146 146 -10
151 1 -10
151 6 -9.75412
151 11 -9.13929
151 16 -8.52407
151 21 -7.90806
151 26 -7.29073
151 31 -6.67116
151 36 -6.04775
151 41 -5.41757
151 46 -4.77509
151 51 -4.10953
151 56 -3.39914
151 61 -2.59659
151 66 -1.58368
151 71 0
151 76 0
151 81 -0.750197
151 86 -2.04403
151 91 -2.95929
151 96 -3.72562
151 101 -4.42333
151 106 -5.08679
151 111 -5.73237
151 116 -6.36829
151 121 -6.99886
151 126 -7.62637
151 131 -8.2521
151 136 -8.87679
151 141 -9.5009
151 146 -10
156 1 -10
156 6 -9.75418
156 11 -9.13955
156 16 -8.52456
156 21 -7.90892
156 26 -7.29217
156 31 -6.67364
156 36 -6.05213
156 41 -5.42553
156 46 -4.78994
156 51 -4.1381
156 56 -3.45653
156 61 -2.72092
156 66 -1.89487
156 71 -1.00522
156 76 -0.677296
156 81 -1.36128
156 86 -2.2551
156 91 -3.04964
156 96 -3.76883
156 101 -4.44526
156 106 -5.09834
156 111 -5.73861
156 116 -6.37176
156 121 -7.00084
156 126 -7.62753
156 131 -8.25278
156 136 -8.87716
156 141 -9.50105
156 146 -10
161 1 -10
161 6 -9.75435
161 11 -9.14015
161 16 -8.5257
161 21 -7.91083
161 26 -7.29533
161 31 -6.67895
161 36 -6.06134
161 41 -5.44198
161 46 -4.8201
161 51 -4.19469
161 56 -3.56536
161 61 -2.9366
161 66 -2.3352
161 71 -1.86247
161 76 -1.73086
161 81 -2.03321
161 86 -2.58605
161 91 -3.21338
161 96 -3.85249
161 101 -4.48919
161 106 -5.12194
161 111 -5.7516
161 116 -6.37909
161 121 -7.0051
161 126 -7.63007
161 131 -8.25429
161 136 -8.878
161 141 -9.50139
161 146 -10
166 1 -10
166 6 -9.75458
166 11 -9.14099
166 16 -8.52726
166 21 -7.91337
166 26 -7.29936
166 31 -6.68547
166 36 -6.07225
166 41 -5.4609
166 46 -4.85381
166 51 -4.25573
166 56 -3.67629
166 61 -3.13542
166 66 -2.67349
166 71 -2.36195
166 76 -2.28544
166 81 -2.47235
166 86 -2.86285
166 91 -3.37161
166 96 -3.94001
166 101 -4.53732
166 106 -5.14863
166 111 -5.76669
166 116 -6.38788
166 121 -7.01039
166 126 -7.63334
166 131 -8.25631
166 136 -8.87916
166 141 -9.50188
166 146 -10
171 1 -10
171 6 -9.75485
171 11 -9.14196
171 16 -8.52901
171 21 -7.91605
171 26 -7.30332
171 31 -6.69139
171 36 -6.08147
171 41 -5.47592
171 46 -4.87923
171 51 -4.29962
171 56 -3.75181
171 61 -3.26085
171 66 -2.86561
171 71 -2.61645
171 76 -2.55855
171 81 -2.70504
171 86 -3.02723
171 91 -3.47482
171 96 -4.00097
171 101 -4.57255
171 106 -5.16911
171 111 -5.77891
171 116 -6.39547
171 121 -7.01532
171 126 -7.63662
171 131 -8.25847
171 136 -8.88046
171 141 -9.50244
171 146 -10
176 1 -10
176 6 -9.75515
176 11 -9.143
176 16 -8.53079
176 21 -7.91856
176 26 -7.30658
176 31 -6.69549
176 36 -6.08663
176 41 -5.48267
176 46 -4.88856
176 51 -4.31335
176 56 -3.77281
176 61 -3.29281
176 66 -2.91128
176 71 -2.67404
176 76 -2.61954
176 81 -2.75854
176 86 -3.06729
176 91 -3.50193
176 96 -4.01861
176 101 -4.58417
176 106 -5.17715
176 111 -5.78482
176 116 -6.40004
176 121 -7.01892
176 126 -7.63942
176 131 -8.26054
176 136 -8.8818
176 141 -9.50303
176 146 -10
181 1 -10
181 6 -9.75548
181 11 -9.14413
181 16 -8.53261
181 21 -7.92088
181 26 -7.30905
181 31 -6.69753
181 36 -6.08726
181 41 -5.48018
181 46 -4.88006
181 51 -4.29404
181 56 -3.73535
181 61 -3.22788
181 66 -2.81172
181 71 -2.54405
181 76 -2.4808
181 81 -2.63897
181 86 -2.98181
181 91 -3.44897
181 96 -3.98931
181 101 -4.56977
181 106 -5.17136
181 111 -5.78369
181 116 -6.40122
181 121 -7.02105
181 126 -7.64171
181 131 -8.2625
181 136 -8.88317
181 141 -9.50367
181 146 -10
186 1 -10
186 6 -9.75587
186 11 -9.14544
186 16 -8.53468
186 21 -7.92335
186 26 -7.3113
186 31 -6.69848
186 36 -6.08498
186 41 -5.47125
186 46 -4.8584
186 51 -4.24903
186 56 -3.64935
186 61 -3.07486
186 66 -2.56431
186 71 -2.20275
186 76 -2.11036
186 81 -2.3311
186 86 -2.77428
186 91 -3.32602
186 96 -3.92214
186 101 -4.53556
186 106 -5.15556
186 111 -5.77776
186 116 -6.40033
186 121 -7.02247
186 126 -7.64391
186 131 -8.26463
186 136 -8.88473
186 141 -9.50441
186 146 -10
191 1 -10
191 6 -9.75636
191 11 -9.1471
191 16 -8.5373
191 21 -7.92655
191 26 -7.31436
191 31 -6.70014
191 36 -6.08302
191 41 -5.46164
191 46 -4.83376
191 51 -4.19562
191 56 -3.54152
191 61 -2.86562
191 66 -2.17755
191 71 -1.57911
191 76 -1.39763
191 81 -1.80059
191 86 -2.46849
191 91 -3.16441
191 96 -3.83996
191 101 -4.49565
191 106 -5.1379
191 111 -5.77163
191 116 -6.39993
191 121 -7.02463
191 126 -7.64687
191 131 -8.26738
191 136 -8.88672
191 141 -9.50535
191 146 -10
196 1 -10
196 6 -9.757
196 11 -9.14929
196 16 -8.54087
196 21 -7.93115
196 26 -7.31942
196 31 -6.70463
196 36 -6.08518
196 41 -5.45831
196 46 -4.81902
196 51 -4.15792
196 56 -3.4568
196 61 -2.67897
196 66 -1.748
196 71 -0.538971
196 76 0
196 81 -1.06553
196 86 -2.16246
196 91 -3.02818
196 96 -3.77797
196 101 -4.46884
196 106 -5.12844
196 111 -5.77074
196 116 -6.40302
196 121 -7.0292
196 126 -7.65151
196 131 -8.27129
196 136 -8.88943
196 141 -9.50659
196 146 -10
201 1 -10
201 6 -9.75784
201 11 -9.15219
201 16 -8.54571
201 21 -7.93774
201 26 -7.32744
201 31 -6.71362
201 36 -6.09444
201 41 -5.46675
201 46 -4.82478
201 51 -4.15757
201 56 -3.443
201 61 -2.63306
201 66 -1.60772
201 71 0
201 76 0
201 81 -0.761947
201 86 -2.07349
201 91 -2.99856
201 96 -3.77065
201 101 -4.47128
201 106 -5.13531
201 111 -5.77938
201 116 -6.41195
201 121 -7.03751
201 126 -7.65862
201 131 -8.27681
201 136 -8.89309
201 141 -9.50825
201 146 -10
206 1 -10
206 6 -9.7589
206 11 -9.1559
206 16 -8.55203
206 21 -7.94661
206 26 -7.33887
206 31 -6.72777
206 36 -6.11183
206 41 -5.48868
206 46 -4.85421
206 51 -4.20099
206 56 -3.51537
206 61 -2.77269
206 66 -1.9358
206 71 -1.03098
206 76 -0.696198
206 81 -1.39323
206 86 -2.30039
206 91 -3.10388
206 96 -3.82862
206 101 -4.50776
206 106 -5.16096
206 111 -5.79895
206 116 -6.42757
206 121 -7.05013
206 126 -7.66858
206 131 -8.28418
206 136 -8.89787
206 141 -9.51038
206 146 -10
211 1 -10
211 6 -9.76021
211 11 -9.16047
211 16 -8.55987
211 21 -7.95779
211 26 -7.35359
211 31 -6.74662
211 36 -6.13618
211 41 -5.52144
211 46 -4.90143
211 51 -4.2751
211 56 -3.64214
211 61 -3.00733
211 66 -2.39817
211 71 -1.91805
211 76 -1.78403
211 81 -2.09113
211 86 -2.65164
211 91 -3.28588
211 96 -3.92983
211 101 -4.56881
211 106 -5.20109
211 111 -5.82749
211 116 -6.44907
211 121 -7.06676
211 126 -7.68132
211 131 -8.29345
211 136 -8.9038
211 141 -9.51302
211 146 -10
216 1 -10
216 6 -9.76176
216 11 -9.16591
216 16 -8.5692
216 21 -7.97108
216 26 -7.37108
216 31 -6.76894
216 36 -6.16478
216 41 -5.55943
216 46 -4.95504
216 51 -4.35639
216 56 -3.77348
216 61 -3.227
216 66 -2.75871
216 71 -2.44213
216 76 -2.36413
216 81 -2.55384
216 86 -2.94986
216 91 -3.46455
216 96 -4.03749
216 101 -4.63684
216 106 -5.2471
216 111 -5.86081
216 116 -6.47445
216 121 -7.0865
216 126 -7.69649
216 131 -8.30449
216 136 -8.91087
216 141 -9.51616
216 146 -10
221 1 -10
221 6 -9.76356
221 11 -9.1722
221 16 -8.57996
221 21 -7.98627
221 26 -7.39076
221 31 -6.79339
221 36 -6.19479
221 41 -5.59683
221 46 -5.00367
221 51 -4.42353
221 56 -3.87162
221 61 -3.37415
221 66 -2.97185
221 71 -2.71742
221 76 -2.65801
221 81 -2.8073
221 86 -3.13538
221 91 -3.58968
221 96 -4.12119
221 101 -4.69514
221 106 -5.29024
221 111 -5.89449
221 116 -6.50157
221 121 -7.10839
221 126 -7.71369
221 131 -8.31717
221 136 -8.91905
221 141 -9.5198
221 146 -10
226 1 -10
226 6 -9.76563
226 11 -9.1794
226 16 -8.59218
226 21 -8.00334
226 26 -7.4124
226 31 -6.81926
226 36 -6.22451
226 41 -5.63007
226 46 -5.04035
226 51 -4.46418
226 56 -3.91779
226 61 -3.42845
226 66 -3.0367
226 71 -2.79179
226 76 -2.73513
226 81 -2.87833
226 86 -3.19576
226 91 -3.64021
226 96 -4.16464
226 101 -4.73376
226 106 -5.32511
226 111 -5.92585
226 116 -6.52921
226 121 -7.13195
226 126 -7.73279
226 131 -8.3315
226 136 -8.92837
226 141 -9.52397
226 146 -10
231 1 -10
231 6 -9.76799
231 11 -9.1876
231 16 -8.60606
231 21 -8.02255
231 26 -7.43635
231 31 -6.84695
231 36 -6.2543
231 41 -5.65926
231 46 -5.06464
231 51 -4.47686
231 56 -3.90919
231 61 -3.3869
231 66 -2.95372
231 71 -2.67268
231 76 -2.60569
231 81 -2.77152
231 86 -3.12952
231 91 -3.61294
231 96 -4.16555
231 101 -4.75166
231 106 -5.35154
231 111 -5.95514
231 116 -6.55777
231 121 -7.15756
231 126 -7.75411
231 131 -8.3477
231 136 -8.93898
231 141 -9.52873
231 146 -10
236 1 -10
236 6 -9.77068
236 11 -9.19697
236 16 -8.62191
236 21 -8.04447
236 26 -7.46357
236 31 -6.87805
236 36 -6.28674
236 41 -5.6886
236 46 -5.08311
236 51 -4.47129
236 56 -3.85825
236 61 -3.25993
236 66 -2.71929
236 71 -2.33191
236 76 -2.23206
236 81 -2.46856
236 86 -2.94044
236 91 -3.52008
236 96 -4.13551
236 101 -4.75729
236 106 -5.37505
236 111 -5.98582
236 116 -6.58938
236 121 -7.18653
236 126 -7.77842
236 131 -8.36624
236 136 -8.95113
236 141 -9.53418
236 146 -10
241 1 -10
241 6 -9.77375
241 11 -9.20769
241 16 -8.64013
241 21 -8.06985
241 26 -7.4954
241 31 -6.91495
241 36 -6.32608
241 41 -5.72548
241 46 -5.10849
241 51 -4.46846
241 56 -3.79649
241 61 -3.08411
241 66 -2.34227
241 71 -1.68871
241 76 -1.48983
241 81 -1.92967
241 86 -2.65514
241 91 -3.39804
241 96 -4.1018
241 101 -4.76795
241 106 -5.40595
241 111 -6.02385
241 116 -6.62743
241 121 -7.22077
241 126 -7.8068
241 131 -8.38768
241 136 -8.9651
241 141 -9.54043
241 146 -10
246 1 -10
246 6 -9.77724
246 11 -9.2199
246 16 -8.66103
246 21 -8.09933
246 26 -7.53313
246 31 -6.96013
246 36 -6.37694
246 41 -5.77846
246 46 -5.15649
246 51 -4.49735
246 56 -3.77691
246 61 -2.95017
246 66 -1.92939
246 71 -0.587408
246 76 0
246 81 -1.16954
246 86 -2.38429
246 91 -3.32128
246 96 -4.10626
246 101 -4.80639
246 106 -5.45657
246 111 -6.07592
246 116 -6.67555
246 121 -7.26221
246 126 -7.84025
246 131 -8.41254
246 136 -8.98113
246 141 -9.54757
246 146 -10
251 1 -10
251 6 -9.78114
251 11 -9.2336
251 16 -8.6847
251 21 -8.13323
251 26 -7.57752
251 31 -7.01521
251 36 -6.44265
251 41 -5.85409
251 46 -5.24012
251 51 -4.58448
251 56 -3.85725
251 61 -2.99769
251 66 -1.85977
251 71 0
251 76 0
251 81 -0.888658
251 86 -2.37976
251 91 -3.38669
251 96 -4.19082
251 101 -4.89248
251 106 -5.53682
251 111 -6.14707
251 116 -6.73625
251 121 -7.31207
251 126 -7.8793
251 131 -8.44102
251 136 -8.99929
251 141 -9.55559
251 146 -10
256 1 -10
256 6 -9.7854
256 11 -9.24864
256 16 -8.71089
256 21 -8.17123
256 26 -7.62834
256 31 -7.08022
256 36 -6.52378
256 41 -5.95414
256 46 -5.36346
256 51 -4.73892
256 56 -4.0591
256 61 -3.28811
256 66 -2.37201
256 71 -1.32301
256 76 -0.916669
256 81 -1.74896
256 86 -2.77441
256 91 -3.63357
256 96 -4.37054
256 101 -5.0328
256 106 -5.64965
256 111 -6.2385
256 116 -6.80987
256 121 -7.37026
256 126 -7.92371
256 131 -8.47284
256 136 -9.01936
256 141 -9.56442
256 146 -10
261 1 -10
261 6 -9.78992
261 11 -9.26462
261 16 -8.73892
261 21 -8.21236
261 26 -7.68421
261 31 -7.15328
261 36 -6.61767
261 41 -6.07447
261 46 -5.51935
261 51 -4.94636
261 56 -4.34859
261 61 -3.72324
261 66 -3.09294
261 71 -2.57228
261 76 -2.42245
261 81 -2.76104
261 86 -3.35705
261 91 -3.99941
261 96 -4.62192
261 101 -5.21672
261 106 -5.78942
261 111 -6.34679
261 116 -6.89412
261 121 -7.43514
261 126 -7.97231
261 131 -8.50721
261 136 -9.04084
261 141 -9.57382
261 146 -10
266 1 -10
266 6 -9.79454
266 11 -9.28099
266 16 -8.76776
266 21 -8.25501
266 26 -7.74276
266 31 -7.23085
266 36 -6.71893
266 41 -6.20642
266 46 -5.6929
266 51 -5.17891
266 56 -4.6686
266 61 -4.17605
266 66 -3.7386
266 71 -3.43267
266 76 -3.35567
266 81 -3.5412
266 86 -3.91879
266 91 -4.39248
266 96 -4.90246
266 101 -5.42272
266 106 -5.94426
266 111 -6.46485
266 116 -6.98449
266 121 -7.50374
266 126 -8.02308
266 131 -8.54279
266 136 -9.06294
266 141 -9.58345
266 146 -10
271 1 -10
271 6 -9.79905
271 11 -9.29702
271 16 -8.79611
271 21 -8.29713
271 26 -7.80092
271 31 -7.30842
271 36 -6.82076
271 41 -6.33953
271 46 -5.86739
271 51 -5.40919
271 56 -4.97434
271 61 -4.58062
271 66 -4.25884
271 71 -4.05284
271 76 -4.00468
271 81 -4.12691
271 86 -4.3922
271 91 -4.75477
271 96 -5.17522
271 101 -5.62838
271 106 -6.10035
271 111 -6.5839
271 116 -7.07524
271 121 -7.57221
271 126 -8.07344
271 131 -8.5779
271 136 -9.08466
271 141 -9.5929
271 146 -10
276 1 -10
276 6 -9.80325
276 11 -9.31194
276 16 -8.82253
276 21 -8.33648
276 26 -7.85541
276 31 -7.38122
276 36 -6.91631
276 41 -6.46389
276 46 -6.02861
276 51 -5.61744
276 56 -5.24113
276 61 -4.91577
276 66 -4.66354
276 71 -4.50996
276 76 -4.47576
276 81 -4.56665
276 86 -4.76994
276 91 -5.0617
276 96 -5.41708
276 101 -5.81624
276 106 -6.24538
276 111 -6.69542
276 116 -7.16045
276 121 -7.63647
276 126 -8.12061
276 131 -8.6107
276 136 -9.10491
276 141 -9.6017
276 146 -10
281 1 -10
281 6 -9.80691
281 11 -9.32496
281 16 -8.84562
281 21 -8.37091
281 26 -7.90309
281 31 -7.44487
281 36 -6.99957
281 41 -6.57149
281 46 -6.1663
281 51 -5.7917
281 56 -5.458
281 61 -5.1785
281 66 -4.96894
281 71 -4.84508
281 76 -4.81847
281 81 -4.89211
281 86 -5.05921
281 91 -5.30596
281 96 -5.61617
281 101 -5.97489
281 106 -6.36999
281 111 -6.79225
281 116 -7.23485
281 121 -7.6927
281 126 -8.16191
281 131 -8.63939
281 136 -9.12262
281 141 -9.60939
281 146 -10
286 1 -10
286 6 -9.80985
286 11 -9.3354
286 16 -8.86413
286 21 -8.3985
286 26 -7.94129
286 31 -7.49575
286 36 -7.06585
286 41 -6.65649
286 46 -6.27384
286 51 -5.92558
286 56 -5.62111
286 61 -5.37136
286 66 -5.18796
286 71 -5.08151
286 76 -5.05923
286 81 -5.12294
286 86 -5.2685
286 91 -5.48703
286 96 -5.76725
286 101 -6.09764
286 106 -6.46781
286 111 -6.86902
286 116 -7.2942
286 121 -7.73771
286 126 -8.195
286 131 -8.66241
286 136 -9.13682
286 141 -9.61555
286 146 -10
291 1 -10
291 6 -9.81189
291 11 -9.34268
291 16 -8.87705
291 21 -8.41776
291 26 -7.96791
291 31 -7.53114
291 36 -7.11178
291 41 -6.71505
291 46 -6.34727
291 51 -6.01592
291 56 -5.72963
291 61 -5.49772
291 66 -5.32949
291 71 -5.23285
291 76 -5.21298
291 81 -5.27115
291 86 -5.40443
291 91 -5.60638
291 96 -5.86835
291 101 -6.18089
291 106 -6.53486
291 111 -6.92204
291 116 -7.3354
291 121 -7.76905
291 126 -8.21809
291 131 -8.67847
291 136 -9.14673
291 141 -9.61985
291 146 -10
296 1 -10
296 6 -9.81295
296 11 -9.34643
296 16 -8.88369
296 21 -8.42764
296 26 -7.98157
296 31 -7.54928
296 36 -7.13525
296 41 -6.74486
296 46 -6.38444
296 51 -6.06135
296 56 -5.78375
296 61 -5.56022
296 66 -5.39897
296 71 -5.30679
296 76 -5.288
296 81 -5.34367
296 86 -5.47135
296 91 -5.66561
296 96 -5.91894
296 101 -6.22287
296 106 -6.56889
296 111 -6.94908
296 116 -7.35648
296 121 -7.78512
296 126 -8.22994
296 131 -8.68672
296 136 -9.15183
296 141 -9.62207
296 146 -10
